1.7594030480915226
11211936567548087e-22
.23330021174273013
.14629345017682094
.45651388573733387
2.3766397923126577
.27307076540528347
.316216567508418
.061523823987407675
1.7749038774164323
.006791816489108101
.1239653760266197
.01508451168676651
.0007153510094589134
.2780400265543501
.019702288658793986
.004292733787214528
3.690027422123623
1.4399529879507222
.050066577822703434
.15488183682569592
.2749445351584744
10310987625303637e-22
.08567495883988074
3.2774275012498646
.03978381947881072
.3497841856418062
.006972720941412741
.4774113241494665
.9153707503057313
.6090981248989032
.36889328704272284
.07224071018205463
.19283249693304394
3.515010785171245
14.677200679394083
.07488975452262658
.008135673802265344
.01573964337585451
.01028052850590932
.001173061797931005
.01751520528728291
.029124194917254466
.04595270903534973
.003098916431143031
.03335382469956221
.02696819451520568
.17093201951804063
.02256454194595061
.002874642363774835
.7281663485486601
.005718596974994661
.00131227487847145
.8445991664082992
.004694013081374994
.0004735265800712813
.09830756562172786
.005833006046107174
.0006605623729660457
.04390455277592849
.0007982103598195205
.0012547262993930141
.00115862513290777
.09557533836398478
.005474947845172365
7.636014773416719
.025239289738849778
.0017885958088611474
.6104507495577668
.01248157099979343
.016725915315525735
.11052809865121356
62775406461328485e-22
11787572178231965e-21
19797875174714176e-21
36895439687131033e-22
29888359369885815e-22
25592568306894722e-22
2139444438499335e-21
10051408432532713e-22
1871017027750926e-20
12204809285155014e-22
8486629963813973e-21
445859195534325e-20
1131225364485333e-20
27263638795875764e-22
19514843095962432e-21
15063769953872692e-22
134453910959468e-19
14792443449250058e-22
.0933037480371888
.06439747626245572
.058738119423209674
5.152634260097232
.3880682139692341
.18006233095331195
.6759205118375635
.32078113712841483
.7255270294260122
1.3009960164449879
.21643409770690664
.07086110306011201
.9800989177265458
.6527307524954393
.4323067543441197
.5040872842004421
.4609196713040844
7.501687166914023
.32237378285574225
23.516594023933735
.1259574843492472
11.730585561300956
.6459592511602175
4.087769100428261
27.657184905251235
1.3166927742748258
.012425889452694513
.5992051736231796
2.318335561270029
.5949168374148279
124197669527467e-20
.14235343743934595
4.886037823014709
9.463953705245425
.07036569968140288
.22515463998919416
.3541721411169996
.3559107639173135
.3717889978786108
.3200748186324856
.8192542747637965
.988080787049926
.9373823837906937
17255453199344597e-22
.017773127066160587
3.3325897889632285
.13072571322646617
.4559611956324804
.175429997733331
.5923941921371426
.14701865365717584
2.315115083635423
.15029189820989136
.7035775922621905
.042342733831596376
3.7772918678809746
1.7930275750839242
.18065671880281967
.861318678980977
.8034049079617888
.12338783912598643
20.28773544284271
.03128130861131532
.20612827889286015
4.464215523877119
.620565093350311
.023206168566420875
7.773628995554981
.06762712090260495
2.0561913939831196
.21024517356820474
.18392684108527832
.12619128564182394
1.9853696633800286
.746986030211602
.13846378238590273
.07547074028822823
.6615250243889301
.8324565613298762
.01374058321814411
.6031667629499624
.08571305490947298
.6613453099752453
.025609523101217464
2.724268382701205
1.0906229175487059
.1039651440216785
.001589759134196287
.42050091940621925
2.252185830123845
.19429793043349086
.11104990391824515
.6566303271849416
.3548178387263188
.03367894574481137
.07250739467412212
.04728063304185928
.13677359781485912
.45665120258136194
.5997641397773614
.1478930042091543
.42247734592247865
24400781897975257e-22
.3608609967518444
.3173503960211829
1.155760674692802
1.0435078723547542
.013440261228393306
2.1743506887258564
2.580505122061398
.6748997477440308
.03384339038494676
.01925091529451437
.1577947206551544
.04891641240644453
.2636997985951802
3.5282371039944773
3.4095820805780446
.21250903431518856
.47969883624773363
1.7445970065714183
.8494472494108203
1057649269724306e-21
.11114512519668061
1.4207055438272231
.9406433999139412
3.2171817323146583
.07011078209219193
12879405589826484e-22
1.5489225403209175
3.697016674199883
.09253846206157933
.6784527989997606
.38186864815774674
.07751705869664345
.021411556992267156
.49942184243009613
.4295560784548866
.218508280171853
.14724210117828337
.21438355692551936
4.105726749928719
4.177087876956483
.7667152705276634
.16660415511767904
4.773268441677086
16198408778576123e-22
.20741681583733085
.33554779900907694
1.462892049193044
.8275206209332725
.8948968043056864
.10895172022227081
.661703223989211
.07816307775764526
2.162058950833023
.48457938313982835
.26694335237712613
.9041093541599402
.16485528629183302
.18280094100399968
1.15384257591777
17699030219749752e-22
.09094364807676705
.032348022757406544
.8624453628050593
.2698319000321062
.05748245423083817
.32998110846005557
1.5696954252215662
.8782096953512998
.2216718607681177
.03589205377509427
10.120874612591482
.6977554450683245
.4123890291991768
.36210883485613327
.09422781681945153
.040031300033191435
.4161868981700292
.9239733118408902
.014779906565710677
3.0396336619329896
.03375383496218337
1.5047647389549774
5.0884591070956
.20591150801001198
1379346880071516e-21
.042822562490826346
1.2731188679678922
.06548435702246237
.43994080945970726
.44808843673021315
7.924318108058842
.05470610408266846
3.403010087805524
3.0931195830674443
13846240376835195e-22
.19072428356349844
3.2843574223775236
.27788462312120255
.0063945732562943535
.09430658185283759
.6648294338379781
1.0547036896721502
6.623043702013415
.2956447278753044
.04494284453793642
.7945664762750305
.295387548834451
1.0179276420583407
.04518408212725915
.005369463401301106
.2515406199257952
.36315453297753114
.23684633146181827
2.198204451002298
4.673035934443312
.0406010363641263
.48538649964435004
.49506837315614
16005205181384345e-22
.018248556717092662
.3487240187827953
.0023625137739064044
.007271214214893388
.01345486789044242
.18604071110299503
2.361263092155638
.20710422260207018
2.6730290975648745
.05679892324059953
.6113970247643278
1.399535858948664
.04151999780733489
5.322859050032481
1.3047662408459062
.7423421693630068
1.1661819910949551
448361502891486e-20
21969712369096373e-22
.32939779815149356
.3748227901414214
.6821159323946228
.030260247183085186
.05688109194241647
.016092981095849536
.6011963172532588
.6197166054990388
.7033174321173572
.01471014430136496
.3516794067033411
.012773175150842184
.11566511429912146
.170540138967751
11.357873152833246
.6991607222524936
3.3927372270675926
.22853050596805388
.7481666462277116
.13645333570314586
.03628964913541066
.5427215781080781
.06878889211579094
.9775987534807404
40.41993380273673
.5187090532726328
1.5483267246426569
4.259771985196911
3.6240499483506965
.9613708737235914
1.2006961172969328
1.4042025677211747
.07868230961563454
.10868275750882331
.22567260336903372
1.2255468176710766
1.1172194670804032
.7505083210490882
1.5255762098351608
.0013505452270527506
.6218916617521203
.38326929428426987
.15782812763418663
.1848738859225622
.014062169644316107
1.573388616954511
8.45018935397387
13610908634976534e-22
.531597789324487
.12835538243045844
7119882910924506e-21
.1263244400881425
.03580898391310754
1.8210322193980846
.10036047499526873
2.915588695173756
.008658360748113568
.25563479140348444
1e-6
.04266716347282422
.4486616289867024
.02814616757774124
2.0897750708601137
8.474330106913524
.16618459743548428
7.666663333171068
.1502790373534331
3.3656657940265813
.01345065647276827
.10829975204771419
.2264151348892963
.7023588688638647
1.8631095164625526
1.1292065942596532
1.188132739147454
.144395147180427
1.7943571784499288
.4284347394949966
1.4024506698599033
.061388619684994386
.1662759314464238
.16862134123442846
.47710915059712133
1.3395076427973265
.4082047959562995
.26621267695331424
.04519937312688067
.08471179061501954
.44064194892152586
.49767099908664103
1.4099591991570053
.16604107509674101
4.0316683943012395
.11179162418721139
.10182597212501338
.07748222503353375
.36830705244058876
.08706665968806296
14.824441122477623
.16833369585389366
.26227542092761674
.027767505385912997
5.615464300806148
.12448710133866572
2.3201844813468306
.15141137019156597
37942217683069065e-22
.006624015854096527
.6977316536522297
.5206955880744436
.3434069814426874
2.093027789068291
.7218970391133078
.03413625351071921
.0946141781702109
.23063322763555383
1.5523820030115871
34274040239615237e-22
.5610862093199107
.2767679499251154
.11177598824079439
2.6946874158532523
2.790370161484358
.056728481177606024
.8061553415792932
.38699610671791795
2.581940908383224
1.609508120612034
.02169693301928522
2.9971288028150833
.3657404090663304
.13622837812536237
.04098647024592295
.4794839709084184
.034664769913087735
.39926286814805717
1.851589729515925
1.5568335016020107
.2539530906743023
1.3654197670096158
2.8142996524300976
.011027917503604621
1.177565629151134
.08312204857685997
.6207240344405619
6.9733708885514485
.20183186334080797
.3913001093941803
.2222042799945447
.015056320331376175
.024671284808597205
.729158255636186
1e-6
.17632684557156764
.4624048738084207
.11092540201868674
12759655352157558e-22
1.3441574582503513
12309317926047327e-22
.4759843875541886
.5465753402468866
.37547035505064763
.26569686831344647
1.085133091239228
1.3535445574042688
12.028258734089077
.12001848324875138
.03562181619446632
.08526190085248557
1.1906452782195283
.39654887903334474
.5481162429769404
2.185948188854529
.021574144955721374
2.9123610096157098
.32932755146628373
.000804194490055489
.3845017703606484
2.0054759451873343
.28499780393168583
.33783633220828657
.13437879794936342
.280142963272533
.3252313739282901
4.097437715546753
.01204942755098677
.8189121282672015
.14723193149583963
.46395119890046205
.2708915132162922
3.628924709637108
.9107012632190206
.0485579270460531
.01299678467142945
.1607547577994298
10130257956816751e-22
.252289156257051
1488716341123593e-21
.311145942509296
.038524014900468105
.6790530980115413
.1237805331817799
.02982721748135915
.399392574741745
.4957025038890628
.07163393670442818
.02415371203197407
1.7590650925364189
.3330257859989109
.41890435659862135
.6491143560745684
.005141823416686251
1.7050599702979574
.7565201673973099
.1827662907376072
.03349278095286451
.19631081251639168
1e-6
12.890269124580845
.13014923045150983
1.854219782754526
.11473556735104175
.07607401282126969
.15660738250610043
.04831055851005964
22685644266074235e-22
.7464917376462213
.010852281607573368
.16013411368869293
.5455333740832616
.14207031934542141
.6969010271725091
8.495763725764341
1.869767594524467
.21953212369612277
.004191877053211449
.037671273317418534
.10355794282496107
9.880192080305662
.05006094481870389
13.814051156314129
.11087122852637724
9.903017673769194
.12411790700878532
.1638677773792872
.11177440337024536
.253707697684794
.10726227534527598
3.7322025833812846
.004104648690085938
.06792098489913342
.03812821153944376
.19413052109480702
.01430090738542351
.19588905754323457
.16402743450023963
.4890197097186101
.5209985942982704
1.014692856864432
2.5635856520627907
.05062132006229639
.1071845307780152
1.051333840541659
.8342878525232201
5.887267821701714
.032739053349293584
.30844725627193204
1.332841339553091
.0037648505868696277
2.197306009944434
.6907639285149412
.7767363332829332
5.968147238943707
.11528580620946982
2.673763365257583
.016342390562371818
6.199051646384622
.4218454916497027
.04695601424725067
.14516620368790345
.4777126889137693
.7002773651799059
.07621669707885521
.8469402695050622
6.523319637823509
.839585091762013
8.178158610432337
21341254369162376e-22
4.205268241165936
.054525042120725314
.036830456623098584
2.3238661805535723
.07999217824714229
.09344497112807866
3.3678994679441856
.22148360684253254
.1738043241651636
.4210551903227217
11732121803223392e-22
1470633124192685e-21
.07151058074387284
.0063180187086277475
3844305224845684e-21
.31201077874664024
.2930037227078171
.019468539837768282
1.593813194478211
.07451485413198772
.22132055502582448
.07409856165526704
.1787493490809114
.32562126368489686
1.168530561976462
.49486828290223045
1.1880496411697572
.535719454302501
.591400936293381
2172101457004523e-21
4.6886759563327205
.1645832282240767
.21250692129725976
.002920713990114736
.057058025942816865
.44636696300703943
1.5623980757266884
.1289820164973166
3.719731798021409
.4113771272931037
2004905569015518e-21
.17922644758043405
6.19427564867924
6.809426784951377
.08130490127168234
.08396793299914158
2.7691072808277553
.897762903865247
.16598180310068825
.18822306362320967
.06348277861213877
11687311952661207e-22
.12679146001851518
.682383664496326
.054991978519461415
.27003597233065185
6.287455113211912
.22836780772974888
.3019743152405063
.33285475091869376
1.0738963469726153
22.56947157216313
.6273228078596961
3.7725537062903163
.4398639152689869
.39227555987604834
2.502557004615516
.15048979737448517
.38477435498471146
1.4380264740916364
.16826898654496814
.11410643692979111
.5084391527972641
.4897084661272144
.9526512185204118
2.246339534854039
9.94331260542787
2123218776954135e-21
2.0102193534355646
.6137400207834356
.0325340188509413
.011455578455223723
.0074516204741493786
14120713660709175e-22
.19247629583925627
.08913080308496177
4.36244932256887
.1245456600782434
1.2754890388732907
.1575305542160269
.8947796277913904
1.149618816729231
.47905648758062314
.16482197794346173
.0585318699426674
.04920478875384962
12254231049340682e-22
.9110812833822479
.8854593409084649
.5334167564197672
5.758088024080905
12864892245352274e-22
.38344073783271393
.058556646402091454
2.1423518654038
6.463484235626839
.6203795134183965
.06652838683433877
1.1869735629788836
.11862542722399894
.12019169483641565
1.1950727538592416
2.471110357750507
.1166134650993275
7.35567862318546
.8834837541082526
.24481260235825858
32618185597021182e-22
.006444906079423484
1.5313070191167926
.5375834327658414
.050605500129865574
.155932260390462
