.9496277021879851
.3801964526770221
.16589969662233978
129690981161781e-20
.262819608337014
12323266308636306e-22
.04693238600076646
1.4222909983797343
.6028519184690704
.2529190974589003
.40898577595391955
.4756108769692988
2.778440894290261
1.5948495744134046
.09493765825769786
.2026196619338658
.15488267411399198
.6231425574144092
.9424531827738506
.2763741692175985
14181346574503582e-22
.23001989042458182
1.2905094248521036
.3437562403499196
.39649809321406154
.23016334341655076
.01201334151536191
.01200337510666051
16094426835855917e-22
.4620363021306448
.03898625256649816
.10959443322655678
4.908588970132873
.267719350825742
.11964297543668316
.4110231575586795
.02662220984150164
.29997261210583714
17097648883752252e-22
.038496857835237645
.004904114990277238
.015295303545005048
.11512773016386274
.01683877914687502
10583217639152752e-22
.09941194083139061
.005280731736896613
.03806270408743014
.019651131813848616
.005788239879061752
.0915152794080542
.00694888399278135
.004910862885272698
.1451272457052012
.009144086044711567
22481089270831265e-22
.037498707045763933
.043351343284041687
.07614249987887138
.014050495574504333
.01296877038194326
.010524787671609828
13857933058889148e-22
.10033552375239542
.043542970932360724
.01946388501859392
.01815498629021439
.008266117185028272
.2525137903185203
.0034655441763367955
.0378977411583502
.003465498486426349
61101124761820326e-22
2688900193604317e-20
392656225990492e-20
924710795481951e-20
44688633250820504e-21
18301982464311246e-22
15293197007639964e-22
6002484932620954e-21
11731434672470127e-22
4365644794831697e-21
1030666117362945e-20
7803768148144723e-21
10354919102213926e-22
8327766838596979e-21
8404292765528056e-21
4634358452989294e-21
1564077156061688e-20
1302091525141087e-20
3.963815488466664
.22505956451136513
.7080909262598387
2.33794418967483
.6220781451666921
.22573194170324593
2.969415018328927
3.540347287463981
.09083809654596453
.35902452833342524
.5814896568173179
2.4098192683600868
2.0430758610778676
8.699480193023424
.48411609487055496
.8018690483578549
2.0341261732369142
.5750592061586351
.37060405163251964
2.509163726371656
1.6469073331109385
2.4054547854971675
4.518077202576157
.43655453406288725
.21072244608251423
3.43187491819931
.27333040847798706
13.438222252023282
.4177371625934955
10772975988776426e-22
4.283103141634924
.8558477069232485
1.6848937274901008
.9638443384667721
1.3955233117853765
.15126033916077078
.7933857539847002
.3382964307987057
3.350893281309287
.4038325927804476
4.8388166131373245
2.624165077131583
5.427677141014785
1.5875615262115184
4.802753388560544
.6440671426230664
.39000615497395275
.3129680656878738
2.566663536952609
.385679554660346
2.692164831259784
.28746911957972476
.8422233554825364
13242691739866134e-22
.1611614345273581
1.3761156728638504
.43294244338351473
.12601058982967853
1299611076333283e-21
.613447669792198
1.4857008139344985
.8830202151682329
2.456320549856092
2.0490072835400226
1.6376130818849426
2.9972982341537056
.308288212035681
14203169609410543e-22
.3371327846238542
.5900471111567659
3.456671581511062
1.1449199428988162
.5754529344747121
.2864567121462239
.24218410438460286
21.998356704143358
.4820692356160804
2.0703929318252774
2.3688959293077407
1.2644352562410546
.09350883652709514
2.8954388301965297
1.7652155942147059
.8404780724718091
1.5016750241713095
3.341875668372206
.019627113231706465
.033936988104729476
.483772702381659
13.493749945372137
.16897307076216925
.3280199205431991
.30339662374247056
2.1031077979989132
.34316068915164283
.6668917720726429
.04275007711467921
3.0512250060672703
.9114992693588744
3.3164782424171584
.31054944803482176
.4739390730568878
.27210292545163706
.7691266709301063
.5494505929194566
3.4739850940542607
.11427524814765772
.7827794727034217
1.5188636638910442
10.244638347228008
.5811845115308729
.7560820756906195
.3939990981692513
2.27669023681905
.22868674419385532
.7246187712281826
.05690047863689907
.24244093765531363
.7901490740010059
.36992490535400463
.3337355935228288
.25210200641930947
.2934603666454216
.45950218646381463
.27888561967383363
.19006171713351397
.13004918350249506
.2728996897539212
.22661010067981371
.36267755206936736
1.2930732714522135
2.7438189269345057
.35896234409089145
.021309702821674156
.46469164632721316
1.6964340463426324
22134239736633097e-22
.7712323345091397
1.584668766994509
.5652935150083214
.7377608135822608
3.264272026672758
.6740367242837906
1.1872342625469512
.7562173051046196
.17667938084015722
4.87145173838367
.2776115236320752
.5891631497460453
.6537449470223027
.07048673805413291
1.2019238838363717
.16223913077965413
1.9561227402532708
.6977670358658415
1.83770347274375
.4867602772162637
.26424475228725613
1.244027100084492
.24080705051440857
1.9183834642459061
.282894685714128
1.1805689162471407
.23819132367079193
2.123842368330713
.17007170413610068
1.4006627956608606
10412496867877679e-22
.24286194891477728
1.6836780336241397
.4731369901518691
1.8182545028545984
.28777688905242155
.2825587193566229
.222304401221865
.3078116129432128
.06854634302498502
.16295654972998824
.5928543043894927
.3891433798139745
.3784243163527754
1.7313081158246793
1.2691167472225593
1.1518419423007062
.04129030424510375
1.985231937146603
1.4434364875512031
34589711909689626e-22
4.666120860727317
.9105831023200599
.47329122802723994
.06890582668817609
.290570337441769
1.2969498783653028
.5592797230639783
1.6020256567947397
.5048962440206959
2.9957352273134084
.1553433860975258
3.0195549421971064
.019514881829664807
.29050939529770453
.38055221426351166
.019782582766915677
1.5454325905584976
1.441974948062183
.2693730004153025
10.140859072122527
.10693944729963631
2.515310728965193
.3981339200098025
.4124222203738825
.18043574130894985
1.4200014065876192
2.8227643496741877
1.6733967105945746
.3835771635654844
5.816773651655658
.39620711400748976
1.8456177817600985
.4233377656261071
2.772128947171538
.46379123841935044
1.9031760321704272
.372090746801943
1.675849518387476
.18425561415042177
.8825147256685535
.11234550484919334
.13905600665029
2.3503294079607926
1.3595150735002122
.38118384660016696
1.2502357416748986
1.1946119970977374
1e-6
1.1166504613156405
15475818113703935e-22
2.3492595819861943
.06832262996934901
2.4451793174574084
.7938905675944297
1.3713930984963207
.16317526225751228
.5349627103399959
1.2660569368850674
.35819888113784265
.4743508808558058
2.8989352658150813
2.1340660185332445
.32218374077512474
1444877488732964e-21
.5828481081721884
4.668664859122805
.39049285296055875
.1617102977061038
.6738757646600538
4.979016630737965
1.412474172852205
8.55733816085216
2.463315022474881
1.869230184692372
.18753510607069168
.516303054188763
.8494428738386063
3.302391732226193
.3005717335683783
2.2487979707254984
1.548029164683196
3.3882379907122324
.5484854221580376
2.9104627144978674
.4183568045744044
1.8076210827679542
.08689454918687659
20430140290355298e-22
.3818745601135223
.7406458058608284
.28036948931138306
11.199118402064244
.15041342624680176
.3029515041327416
2.4068082343081807
3.1850177715365953
.09737752013779188
.4171012022749015
.7966994121720827
9.520534324790844
1.1075825190901303
10.443591983486549
.020906744707867544
2.5314535190514453
.6217015637440864
.1597714195011738
.14791279990123368
1.3640223690144186
.7537401372617036
2027180261996684e-21
.5144834514868118
1.6573444392045322
4.068997520359734
.23849075678152148
.018717799365898728
.48613534158776645
1.2375980580066777
.07183317343264874
.5622417703670476
.9027344829958729
1.2278865456719448
1234709414577895e-21
.7141701909318915
2.3005951289033275
.18659646901415017
3.350932742701573
.8702529974394277
5.023219444145462
.08065645999034633
.8456957250860142
1.2913997322784885
.2927915942746202
1.2703325703567419
.7538266491890401
.48510822286608857
1.0406861473373237
.3804198066707116
1.2095669666182816
.1705829058577883
1.5685206740928697
.09331292760026987
.046484871189447136
.5616649720034891
2.381054739106568
1.5275842073692834
5.075954629382907
.20392892160096293
.24897749870053806
.22894244129191338
.11666287958720822
.36720403077682684
2.3094671848203445
.07255503757550984
3.9282115081216533
.5824968483896447
3.9694911756985727
5.92106238494056
1.3216412295149453
21472501565722116e-22
1.1071090849073393
.16248713659625322
.004547686343791209
.5273934400099064
.8052091117399767
.8074276046332521
.8924456850080524
.9214679718173978
.08093418930270377
.3356212127590483
.9745590190667501
.767235264622296
.5615104185554713
1.343587933397513
.4459637309391275
.3631975551721033
1.4525587992908306
.37855710324394154
.9866790649597327
.25629044047581356
1.2853360336520383
.6611412507454089
7.407073105187541
1.4717132025007902
1.3313979032010164
11753599341785153e-22
1.14105628176562
1.1789743859327722
.7566101772319807
.11982160375425532
1.1156041047371135
.23466686857261979
3.3105941322680277
.7811680020491855
12.745627035075177
.2929133979340435
.4497010116451825
.9228616264029501
1.2832986941983646
.17461971599945794
.7354110029036918
2.859772776138586
2.1689681691787306
.10191460311948983
5085505275724441e-21
1.1202171020999394
1.836646819737899
.22322258982658383
1.9408861531885515
.3861347958864941
2.5541719084906056
.25852548551734117
.24206056511072582
7.6752902223696
.2223141271426115
.5321870997817795
.39581462050814353
.6230335063285473
.08218221485310051
.2138498608769549
10918446254088737e-22
.05215093444869976
3.538074191061166
1.4887182424325895
2.3193734473226724
1.0951998954810325
1.6526116862434477
2.96605727701254
2.3717310966993765
.06415849841539355
6.185600248114251
1.1320398506707607
.4613077965911032
.09852233087394366
5.5706210009580515
.20563740235256467
1.8117685947485422
.8200842181864139
34299635051087496e-22
.6953298767106062
1.613124537723985
.6352368227937495
2.205900001922675
.05671598222310523
10.001313420098548
.45185926066355503
.31906363635151164
.23153836276977977
.46010980956815767
.11138647658738537
3.5013265044455943
1.6458858814368216
3.3888399119314174
.31159709316815265
.3372982154411664
.43390184774707524
.8067533784641878
7.675872785924272
.6125528812809662
.958569906436745
3.9098917448354253
1.1837745816538456
3.3406725780600532
.3660425322394601
.16074252575799008
.009831330764515376
.6506507175131786
2.209304437074046
1.218535407470749
.2564630767193865
1.5550375732133814
.26119042643651563
.273884307008639
.27701591238714474
1.671490880086239
.625963638006402
.13359350705153233
12773855429367836e-22
.21336847762389102
.24893799135903924
.10879574918502719
.4611113196926149
2.1823831109160863
.48071071756801387
.25973291863306736
.636526194238519
16066897149214196e-22
.2898889629929585
1.9798626151476548
.44975198016400963
1.0734107727844222
.03697666341479875
.4998438218274506
.5473708208846734
3.9163307781695536
.40223426232131987
2.0571059598069517
.6168661738993152
1.6313886875056443
.02699366190561433
.4446721977450323
.3175807141973648
.4112347231109631
.3129111644105326
5.081845258855481
.4834928490313241
3.1191504254156146
1.7211288153605868
1.8434454024653069
.8717671996723344
.5097273518086616
.43560857807334175
.08943885222486575
.5474342684895369
1.2393034097301643
.3877401442645907
.277676472836493
.9257708426141854
1.8871422407942802
4.744392198918762
15062288109702955e-22
.27742833715512605
1.445351982982543
.38369187220888357
5.570158306658824
.05021392600683337
3.930404194559552
.04518969254127653
.14765207454941348
.8708652746535234
2.5138458443824403
1.0957486712004059
2.924582009126855
3.757435131488031
3.556552443808357
1.5512343653894562
.27260254588779453
.9198622568714294
6.143649955815178
.1911252342153325
2.411920614696408
1.7563834163319862
1.5993224058889044
.3353738184079829
13.974085122764782
2.068120706922311
4.1267319348518585
.19674820682944283
.13177205557749505
.1213190331876209
1.7222932898934662
.7161743139001837
.13431063344512587
1.7831353457713184
.5621330259442161
.09204752340436219
13.222374884489723
.517287651385209
.6434175423481995
2.038753961535515
1.5713023873967762
2.113133364138516
2.823099781891386
6.2316729015443
1.0038858054532542
.295711413707955
.1596095710165862
.1125817230052123
.1656678991011084
.09928404793130546
.706717506536765
3.3233183486637445
.41186501950566706
.846117831129725
.07392250132862999
1.8897589922319806
.1932676989449129
23366077881755587e-22
4.972692195781548
.05820044291234038
.3720645061522392
3.420981105179713
3.8756941178453976
.7589359662813512
.9037942540376886
.8133011561870964
2.0215996577292734
.13454569742979477
.33085858020784065
.6417834533493834
11.592128440277735
.13940853924365568
12788614222737576e-22
1.3062168554694649
1.8423739378147763
.14278690679726755
1.1409171229855946
.16203847123358417
.06806931786148389
1.1731839548331153
3.3773930820864932
.07055092004299542
2.640053657813623
2.2927747486687595
3.5412705727568987
1.7662972605885003
4.179431775997035
1.600621707805209
1.1305190297338426
2.4570646613670726
2.5336948219434423
.8943279735310973
.735096919236595
.7314224667514204
1.4223590821136167
.14121411760805133
.27608285356020146
.09039751663025787
.19340314589316485
4.312729356354898
.11579774146133825
.8225983633263684
3.7484763665277643
.10917966688480103
2.09557165561411
.46724531861617036
.9654464216810414
1.2042049836878608
1.4821318534100656
.13656151711994247
.452307467864201
.8387195141847603
2.497355984159113
.1703262851814888
.559461687347704
4.005705874505679
1.8723383108241423
3.678576917912327
1.8431014862486315
.22127220306862086
14.523665018022559
.8269603065929706
.7404139120307336
.7343771164109085
.19287225001019923
.48714577758770083
.8581206602853088
.438921792243933
1.9268929303448643
.0019067568976915662
.5802321638430816
18850663358788508e-22
.5705867215502001
.5481712873467606
2.0045669255495295
.1359492931226498
4.963038491570905
.09323869164422524
1.3525207811234428
.6787276178693294
17.887719232048806
.7973776597340784
1.9035626954805294
.5038002778248636
.025939048803635602
