1.012991161342097
.38570818238071153
.13373061091021796
1033555293601479e-21
.23769002655336027
10540253921586937e-22
.039334044822228034
1.1972528269701497
.5614146700651114
.21997261929607578
.42260768811608856
.3935048096256932
3.0073736949555334
1.2790443470172759
.11743509087481016
.2782647134841531
.15486096438512248
.748167713018199
.8122691995689488
.29199712626026636
1418840715241707e-21
.2220225546911003
1.5812187699629718
.39733043113882366
.5278969192087124
.289314243040838
.014170543420539148
.01660617619566133
12097089888128874e-22
.42363362650587155
.04405783037321913
.1402116167448537
5.382113721817326
.29516520820929665
.14682624447584455
.4853514568848798
.02582993348535811
.3142686882361242
13401794713954838e-22
.050522400319188074
.005535259154261002
.017894337833939993
.09384141616027626
.016176141841935613
10306785563736536e-22
.09746272840244069
.004472154419965144
.031905085395446876
.02377216206223064
.005298012988805627
.09136707907827209
.0070831300228480385
.004850625709533317
.1520952064174841
.010977768829360177
1566048198556285e-21
.04880100228152673
.038392399925330965
.0727073035546606
.01573085980661257
.012615517587083756
.010837812462707522
1589020930231621e-21
.0934970274607436
.03915107510879431
.022516655694931633
.01704143697452184
.00788497721646652
.21183831967509337
.003615529442943369
.0363881747391358
.0031417670128752895
4865418976059797e-21
2577792872517688e-20
36315489829296753e-22
8097641484685541e-21
5011719736682997e-20
2643752947830365e-21
15995133389745607e-22
5889407804903703e-21
11151992566443265e-22
4957637783553787e-21
10950429400860367e-21
9047411642464981e-21
13853999214604259e-22
10450065937579276e-21
8307909087947206e-21
5432782935511225e-21
21710617908296812e-21
13515781104541641e-21
3.4253646256618944
.16769571113740261
.8462853495022694
2.248832004350476
.5079156990759526
.2511151320933874
2.240421909728995
3.4280679156360123
.06731252466460798
.28845765897753184
.6586162993174203
2.2172339308727804
1.5643695951436356
11.17396217112711
.42074290079494314
.9297654524748489
1.4463968183663383
.5482621768336493
.34361069451202647
1.948023861521389
1.5492065165213886
2.022045936996488
3.879752496017453
.3219334107794076
.27510263820025177
4.519552285845761
.28668043395128356
14.240550235179404
.5571569100068652
10084300006886096e-22
3.947859324597199
.7898887619742022
1.7221460127268533
1.1448090728168383
1.4651613323197845
.17296467130883333
.7804417120424973
.2903311374228369
3.8073849644693367
.29693469414882434
5.5588958303871285
2.3580114074218863
6.365862872390725
1.5822269768112014
5.823791994412856
.511551377665244
.4351284193447468
.2930213751006491
2.248794582406383
.3694329300560222
3.4275034429629745
.23308661105223952
.8042162244843717
11631267862889298e-22
.12595296452736016
1.512704699374479
.32122090945066917
.11251917340756777
11729040906775997e-22
.5573364874988805
1.178673963998198
.5798548122857259
2.1855709335617832
2.4193573942745346
1.5361985627356678
2.955853227030618
.32339262236644817
16925943451939157e-22
.34191443462528254
.6942276459715907
4.425993962278467
1.294469585391106
.6425606729577221
.25883270238446227
.21195179918978968
20.071219906657632
.5097636316553479
2.042494808212747
2.348632457565454
1.28262883926223
.08348165382272721
2.8437233516122395
1.7861476683107704
.9182290752782086
1.5002007731660378
3.4360854112488757
.01654824752977118
.045729143010660334
.4520020995617933
10.569019844279357
.15876707317920977
.3184758284067947
.25949058662373853
3.2150375909420963
.3204298486852493
.6494609621294715
.05500141146567702
1.7871551012793376
1.5154403869843236
3.057542496588755
.38321491789882417
.5190904738663338
.3460053634727447
.7051477621274109
.3311713406442508
2.826228387844848
.13211589288311154
.8556283124973888
1.400913856819714
9.245442284571782
.7216713097117744
.9024600231912457
.37838231265751593
1.8704458691666868
.21935245960899932
.4822001587756533
.05158891551290298
.2439127467848813
.7828496092500076
.24873851263492347
.3109046264708633
.2375049718751974
.4043630385023511
.5723305005030327
.26830427852924366
.1869309885346056
.11719772914647039
.23167864911117503
.18484667256849868
.330439395099754
1.2846601914382316
2.8630986537078296
.3227299270294978
.018391983192634617
.5713519339579132
1.8735818217425724
19350268075575633e-22
.9354872827366092
1.7905151294679893
.5392035417810174
.8515258186842495
3.090671165463201
.592353374566476
1.2089586603145732
.7686691689002414
.19580207754958423
5.279377384527956
.3553438809852214
.8355793554980425
.5152633130129388
.0745553464816832
1.1310590739783077
.17254254875977526
1.5409311083702901
.9457580975951626
2.1033394422086023
.48251430610406837
.21995139638886504
1.2568957194721266
.23213068982971358
1.5441330997417493
.3591219113135517
1.102390176418505
.25015123362124675
2.1653271960531084
.16489578689109133
1.7492993746928593
10014456104193661e-22
.25406588489191495
1.8370344405414833
.5263151089783331
1.7791746074801946
.239146929150842
.4284911461945259
.22383526920352192
.3816496905919312
.06041045037286845
.10585812249618184
.557436443419292
.5717037920205136
.4267568027994659
2.4702098704443065
1.2113919454762134
1.2585441505345292
.031839854986076326
1.5511800067321666
2.3111954504545196
3752858146975702e-21
2.9833847538965657
.812312043845432
.3652752470785056
.08330472690008624
.24865098982882783
1.0550570970461377
.4810858440353973
1.771969890469286
.4860345705965269
5.783433226559833
.166140973666306
3.8041873475540693
.022696981854628102
.3409893006677193
.46742961951244016
.02171065777160195
1.9547099338726297
1.128057980924242
.1954880834514468
8.677061826537862
.15000365920993197
2.6310267967011804
.48260478495238884
.4808185045394639
.20596427325550937
1.3275167779990475
2.9263118031172213
1.8940157321689617
.3288300214402401
6.499434160559169
.3819291280079371
2.0085747554171887
.364590246508658
2.7639167471955908
.41846286269709726
1.885433424118308
.37095677580660685
1.1452859165604892
.26721831411304736
1.2362193527638794
.14904063754544078
.12676506755717953
2.29030138308037
1.0126662690604809
.45774604350335263
1.0792307349105335
1.0463116658906546
10620307463867083e-22
1.2150990069189915
12150256167535101e-22
1.779835140818605
.07194583753435989
2.2008237464251237
.7196994503011146
1.1538206055385067
.19430530245011154
.6282260125973569
1.4170816830952702
.4296996877721107
.5182943362924861
2.9146499873890748
2.5645674329230617
.3266409684353483
1362038817912754e-21
.7967026787172441
3.66441726225092
.45934264640437716
.1518049939874391
.6900350396342438
3.289190733737927
1.8030776302750011
9.338016617427465
2.523682361989974
1.7750075754336097
.19147256065420176
.5129367861119565
1.0533470819852242
3.8476180995843103
.25798026109653577
2.117412387178479
1.6445267751929207
3.48715739495346
.49619136653735096
3.319184340731274
.3689001480936661
1.7689607218388597
.08189815667979397
20112549984362518e-22
.36681835567941157
.5247573463734403
.2535448513838949
10.404499230860711
.13347494014471717
.27696762626381677
3.1104411119064705
3.4581258759976414
.12202783362062865
.41404418649333585
.7478181444648938
9.195812490933692
.9596470845016499
10.729184228145536
.027258277959627618
3.31858420420922
.5312041106389221
.14819686759912298
.1569450493965022
1.068462859437896
.6502521719801707
19975867199425172e-22
.43408163117430115
1.534007373999043
3.003850181587404
.20143926234476223
.01899163391495198
.5660488836572086
1.374829228190432
.06966351060300056
.5823520222894897
.8012479102643724
.975027681202617
10349548550262033e-22
.608644678213448
1.9551275045210683
.23909644341152783
2.307940654175868
.8721535726460461
5.654816003664728
.09577978152758193
.8133203461398457
1.2168057568590052
.280929783223777
.9532565483602996
.8214543612454633
.6320140314186441
1.4468319775676282
.2781743490205561
.7933240584765695
.1595797829348712
1.3004437091612358
.08189381543332763
.04620381421650851
.5776419803329209
1.6712695331397867
1.9007733952872141
8.394713004481474
.2304154108464985
.21215365244295015
.17029505603865058
.14246688194079768
.34735291456508255
2.1225159323288145
.07725180074645706
5.399683808615647
.6070275289980043
3.609276683602196
5.568744268634223
1.203263671686766
2215780270358688e-21
1.0546044999462165
.1216712770810345
.00551006392732678
.5569700395098014
.8565700427487504
.600834792014079
.542939365616535
.9842863532396883
.09644178834174318
.25386170046683937
1.066727361368711
.5474383136089588
.8233043948662457
1.3513470832281615
.4275776665086583
.33539987763719764
1.1666490158060463
.44251853172282013
1.1990089514587539
.23970245637164778
1.1593732250054802
.8383837530000057
8.246375261611979
1.4855605491489199
1.2219278569881271
1001287950542181e-21
1.31211168966441
1.370806776892399
.6030045102758419
.10029976504997493
1.0417493082784464
.2815532732735329
3.058173669655657
.7900096073882482
11.460803313330556
.27166289340328253
.543999603087104
.8634204702459881
1.214488502708581
.1968445067169041
.8451644801113641
4.070093951664332
2.3191038709409026
.0764945659710314
5583242937023641e-21
1.2987820523035432
2.003172007167402
.18946897146920166
1.6860074534390272
.4183980908752486
3.26818624422313
.274787222980405
.21682825161322536
6.8913429381655
.2742126005791179
.47911560425958943
.45580360705313894
.5859814985147455
.08110105646049476
.22759720154799623
10849817963873732e-22
.06001862571184816
3.330103487759603
1.2705837720112603
2.040736072011106
1.0073434108001122
2.5329831097896065
3.781515082666165
2.130753399641041
.0912273889800941
6.17227740591467
1.136997670586551
.536519979719467
.11330455025906139
4.395864361939279
.1840761747892883
2.00145598131302
.8652617570117377
380377392154254e-20
.911381034189563
1.5829747250150212
.5987606318619674
2.643531435455823
.047141072378751175
7.5075869202671575
.38605663968254383
.2763127698151249
.24922397400409876
.4166005587398514
.10339673327261914
3.1811422206485247
1.419850106303659
3.272134278304357
.33756259501539904
.40504245057914273
.34779170423042854
.8756390075318576
5.923241874682047
.6688735860277562
1.2014491313597555
4.616941813436978
1.0208551140920303
2.573571905405899
.41619584597557
.1532432771146413
.017768501361697383
.7255666153512755
2.0106351684147596
1.1148901921085435
.24069307935731465
1.2375541138927089
.2405445231875085
.2722421095229542
.33145359490485427
1.4610609085246644
.6190403923184792
.13111147875009477
121284675333623e-20
.2004762688165362
.21411410169697068
.1120471491117236
.3808175063330635
2.054004141552306
.4811981570343534
.2979887819663251
.510516566910401
16309299210848525e-22
.29591344594720154
2.057980931960397
.4637317771125941
.9989220726929865
.03203104351681019
.6026316221779194
.6386071408787015
4.235680562027555
.4807177027624813
1.9493010493565057
.7104988881985048
1.8732204399752048
.021970270284187653
.40967191157540384
.3311907564084929
.4008533234400024
.2581567984120794
4.531481755427393
.5330246391930249
2.3072489496117115
2.2174391096212873
2.3529567079830636
.841573381288388
.4007314373099195
.4523692320507009
.11528612552341971
.4947665417007547
1.1553157196102204
.4584668673251051
.29452852204103896
.9555739032835523
1.440030573569016
4.121380924208976
19414452244788407e-22
.31085062595721924
1.5429984113818764
.33018244863201657
5.557527806271447
.07009050028372626
4.351068697244206
.04504527801806899
.18161758871145178
.9065998166960282
2.624840831494455
1.027886859071348
3.0923144167211816
4.099483189659056
4.579486650141969
1.4299765281036567
.2519688513438449
.8339554102747588
5.591389416950436
.16399267551433924
2.243451486315748
2.3160377150180755
1.4993910775946022
.4812376034004421
12.877889174659344
2.055914251446542
2.7904869403697776
.2466573672485381
.1710123244849444
.1323480145832332
1.3446414905610378
.7522940725880917
.12278521959394795
2.514904177404272
.4291058447284068
.0772804694181623
12.454801775058131
.7852310887707074
.6901172794796391
2.2153055449475
1.9525330134459913
2.5803443954713643
4.060700171605172
3.8528632603497304
1.240040618144825
.2288711341999239
.1510382294565887
.11054701208772663
.2039132720116546
.07794792876388146
.8957226566676596
2.987839694869139
.31114645802092206
1.0187232344625585
.06687898432729868
2.2237580538925648
.2596832699091874
1142236624717869e-21
3.7740559900488533
.07424890885345578
.3750069478226431
3.5653970442911302
3.2277650522684773
.8117932593578101
.7026642741975968
.847170322174965
1.7588872042547272
.1472677050351748
.30541778399142167
.7017816150145544
10.563084471401853
.1200647426017925
12508101731843422e-22
.9402894411994847
1.5000498313690487
.12564945321363205
1.3681428559270985
.15587743482155905
.04464002673574277
1.0410650652837958
3.885385890284686
.07276139986000958
3.0919734737402775
2.2933950674749286
3.6998916744689887
1.6314190566096878
4.214826857191028
1.456939490669204
1.1658839075269896
1.8378592486164653
2.6498916650947812
.8644066584546364
.7479791205870385
.6099488459050795
1.2538261069246388
.13474771310314151
.2477076169669198
.08097444882509504
.22915314196200956
3.772286756784293
.152494730918729
1.2547147202375706
3.0535361169369852
.12467160148515037
1.4058425832409969
.522916993865312
1.0171337236377058
1.3798857980077077
1.5531003700512989
.13035942274527937
.4025182260614125
.9077093421464538
2.6858277263834944
.13980955559875652
.6173126372433232
4.042459754060334
1.5677112658839456
4.242002280566851
1.6587481845461511
.2525528580949226
15.26938275326686
1.0188427225107504
.4675424889180094
.779987210310368
.17067615042730436
.4426388086996873
.6452625935873066
.3757187254207921
2.3918310048218148
.001966113054002218
.656916678174531
15611325143198434e-22
.7652175105833856
.4051725572796531
1.8550549138731418
.15240602851176432
5.406861336890549
.08595179259638183
1.5047347425397597
.558314509664686
16.16078990123052
.9819889581484802
1.9301604199677305
.43865224330075236
.029849321489734598
