3.9198260648033143
.232178261667178
.23591688625320628
1.104034432531512
.33967539497379845
.007180925756678933
.08776309243972918
.4919648716214845
.123819471108749
.2364145048046653
.0744985632772847
.05284419100876497
.2785304095414382
.1392386150173376
.16075011447212448
.0463906584801664
1.634432571018965
1.1169216623530982
.327322199343945
.1321894327337684
.0286456627082161
.2722943913079434
.6684320722196142
.6236354495718605
1.3052902295570388
.26630368637487756
.09164026896303148
.15131510310713975
.4651907269127696
.18906327921543892
.09389290463439534
2.4015534307595034
.07734343790171247
.785473224483279
.040817513288300515
2.67400124472723
.03947432210051847
.07433794000566529
.05207033056856016
.011379817020080042
.0478740595233034
.005984789530670856
.024207607074730027
.01036223516286653
11349613799912406e-22
.020154449762233965
.02674707126273427
.09072234468522174
.004693221433892766
.03254395938699898
.09222139866781048
.04937360593638093
.014672341837874487
.10522443233461666
.004424698946377807
11045104262105486e-22
.0795047439417934
.08356799063550104
.00273212656381864
.1488577168624273
.07388910471316859
.03128102366360009
.004610224551848539
.058708651896714335
.08226100434113615
.22064751237787011
.04662566980003583
.019349912459579968
.2690438398247966
.048662732533850214
.0231448359569747
.017703856794202256
14019547447487403e-21
6057832586853344e-21
12637133657925198e-21
1379605585372715e-21
6757258775234841e-21
513437127590398e-20
4862968995918316e-21
623988548490328e-20
1101994006703657e-21
16716974183250847e-21
37162455730266546e-22
9850318988058002e-21
491491763449155e-20
18342449765026885e-22
37210231181219294e-22
31172941898085143e-22
11156462831272697e-21
9959309987124605e-21
.6098281790301766
1.1830984861390341
6.553799466450549
3.616857864768085
.14482250815166706
.07541123185121613
.6536640742409651
.3155352633369594
.2292905053225922
1.5598624367757026
1.6010606471596422
2.2974637454805484
3.9127027728063317
3.0918083016190208
1.6870114423565683
.5352601032826683
3.230619516715323
1.4505141200459588
1.0815242997519896
4.843742194386058
1.3226652529690825
.9201557852936189
1.886265144270343
.2623141091532315
.46498891154972916
2.4169481870068923
1.39321423398481
3.5802172253905535
2.0416313726060697
.14810234825627652
1.806557840514298
.7896872256265852
.990092411700843
4.068724671950748
1.9329981945467756
1.725271811763323
.2621070816534997
3.210362457733181
1.9806238795822744
1.117729715959975
3.8109667788774484
.7489501599471732
1.9169335534557697
2.0656395177127886
.031367204894111704
3.2406720661953576
.5212618925500567
.4442251734843709
1.1750800176282958
.32308019452951237
.5142189514944575
4.276588846803518
.7020407425426988
2.6974360769227426
.7494272899474252
.14618985087634745
.8274154654987877
.2458726566149911
1.3836043359978367
4.2551888218034675
.4612044251442265
2.044195506597669
.45843059949970627
1.9761514385082624
.26690530654229705
1.6302362863337705
.2376220336530736
.5703048795580085
.15097181953388955
2.316955460191592
1.121699665396355
1.3850941416439
.5491310366236855
.5217972963155424
.11476652611621282
1.4645694327271466
.12061028005055002
.8382440189250402
3.3138326117859687
6.440247108373761
.7033867176462199
.2502692750240122
3.314790879046964
1.0267680522094007
.8720621973990603
.47427728028386307
1.334032263144313
.7695972585958945
1.2169485082787401
1.6019391393728688
.2681906367167226
2.1085022532928193
2.1134980461084725
1.348462389096926
.2020280020894467
.3445062438897188
.4698703383306899
1.3805234052323945
.17315638022499139
1.190184277914686
2.3400957132163596
1.3185122577633535
.8536879709412939
1.9183067510056628
.6728226693472504
1.7763939485047526
.4272469615395339
3.440860075827391
.41291847254407166
2.8797106733927325
.6291877836120958
2.386857116121374
1.625116354700864
2.4083543468858353
.5361610497437751
.8084328951395835
3.564120251265822
1.8984743038067202
.9000168458649694
1.3201314021593649
.9934418191066846
.7380023789746135
3.620836707255367
.8973990484540555
.21441081977079468
.59219682858973
2.415287804692575
.904619395194099
1.5341416601769071
3.219176195767391
.7859391889488025
1.3947023344636036
1.7140364933641252
1.7247426893272937
.48128603181595264
.7951471674758456
.045032897487833644
2.2322519818750686
.5132051603087715
3.232337125738404
.5940545517718628
6.624980497325463
.12200286956451525
.4228003840438249
.24460669226990034
2.299371800527163
.1252524871773605
.8123517828433053
.5488027398687738
1.9606718571012098
1.0435812754763785
4.064999441760077
1.9307957643259257
5.052960069852453
.30555198667465844
2.448165787708659
.2998333338501724
2.3560647297947415
.8052501448320416
.14989225830872635
.1711090177850445
2.6807096511490296
.8940652598579666
.5924615871946998
2.5634965372329885
.7930054177028942
1.9639991296630201
1.4079852403887498
3.5162707480697337
.7489528686196791
.6545281937387508
5.103183397933304
1.1425912717603
.6286827945082357
.12690253846467828
1.8987445384961763
.8276173555711573
.5459550062501004
.641920816328771
1.4482471297483315
.2943746833065416
.6499598691523844
1.5564757449521789
.07881138481585696
.1924586772594994
1.1916795224883532
.8139323443338078
.008869237084655687
.655098542112365
.7227846835743994
1.2075926811460356
3.6696069603923345
.21624941080170246
.9470767622949079
.5129340190696421
2.0436736132731363
1.5941747495736602
.16336918145022195
.15043182649481446
.8497591742117244
1.9742385609501294
3.0655168820922327
5.252569408310628
.0756146771345553
1.2762409990713781
2.375438107297731
1.0654371173634265
1.4046989920630693
.6362697023625177
.5139517097895214
11754652289462841e-22
.91735025854551
.20358130903021587
2.698671111413678
2.341915101513942
.5669260113421132
.3213577650629799
.49955163550988785
.09922133028918016
2.738299769483126
.7465087216025773
.7372588002266405
.3025398542099099
1.4401299465782864
.6196027811711049
.49424391167209936
.2666851680311808
.915938512206049
.8199296452097726
.304054307857369
.6458196163274799
.8400996976022861
.09410023956165961
.9031411663056876
.4052326089509122
.9239657539000237
.19697222369651182
.7504317070677935
.34197873155579644
.4868845571921576
.9317906020342983
.40714047834326594
.947339955970116
.6925702395903968
.324889112358159
.9177664106055977
.41482656932855355
1.3893680113958105
.7301513302037336
3.4762308298647517
.8168306691403641
1.4162195452772524
.08619408445959151
1.0489896966191825
.9557758056204593
1.2105138461676963
.2732779917332717
.8532386563043971
.7878729404104884
2.387152081210366
.08638730284551789
2.0273582019016816
.21033840151589786
.9122727892669669
1.0919587012035261
3.436472743819571
.1684987616519231
4.209287523963026
3.308738816285354
3.0322549131458034
.7018549314803902
.10554894208642912
.1616994086548481
9.125418168353635
.46891689158441313
.5122222985253763
1.1674696219543719
.7688560657554597
1.2302118003126654
1.4510582021513858
.273935008768502
.13460484648414614
2.5214050989076147
.11428353178217288
.30029571294029267
2.162120707694773
1.8344254721319233
8.164896002862166
1.849208515896908
1.739414877142926
1.4054137121271284
3.425450379844108
.4466196763292476
.7525383548467461
9.536914713399119
2.7592178663322606
.5318105225438341
.5054074694056615
.26637892903803223
.6523634831223158
.4177849139083834
1.0035629381794064
.524511937328973
1.4639564969077195
.5012158142408324
.25572166673412705
1.4340640964846312
1.3519809640623082
.292645517219364
.035512675330465475
.6715151817573958
.48825142417275064
.9321845630177905
3.410133619027122
1.0583439747057504
2.3300016887243644
.8051847894180548
.14580002659576724
.6492931640925816
6.162985540327091
.1994234243586573
.9741864700255423
.5420720119225344
1.2560766185175878
1.5151302019044723
2.1509110850793185
.24537522840145465
1.1575530807216439
.2945404818740568
1.1838098839758606
.9222615902786138
1.9356367425070657
.547870419829385
2.065788973022683
1.613874370821185
1.5642009562363783
.2932569089346233
.7823678212685485
1.248932741605371
.7206380546650025
1.1585368411670338
11.559887327457588
.668785198503156
.6555791253745458
.2915303781073426
1.267169058314561
.07702710806178002
.29027497425895443
.006780005866482088
.6091454468598614
.33436210704189073
.5791297557105888
1.490036429415198
1.7265867203260985
1.0820089850986996
14403747489109453e-22
.22806098124775154
3.738576745959034
.16225874745967486
.8544452609673832
2.082822244029286
5.855798939942184
3.6946364288141513
.2058158920651572
1.075807603436634
.15806279458794198
3.1008419104391844
5.8542372591098735
.33453327917770714
.6901192802811416
1.814010598151849
1.3131970016468568
1.2523992601468876
1.8765496693390171
1.3602334309332622
.7804783638820695
.19677972962690504
8.003847575521982
.29109491346944655
.8370637989512487
.91661005586524
2.850622390727717
.27695698175873323
.8459277427540219
.4525504853049185
.8117223007676845
.15903873866182006
4.457640834762753
4.050977506574851
.22077934200675395
.5329162073688092
.2576688361361552
.7668222607759618
.542954703216628
.48986267622224877
10.112077187775254
.30416275414961264
2.5277449653941364
.07754548506523111
1.2161838796058326
.46738419057906166
1.247943170746983
.03556063828287949
.3287862668826045
1.4863535065254636
1.8851486275264593
.6991659644922841
28.080222425382637
.2125816398195154
.7269623473517983
.5816794154621322
2.915549252182262
.14023499872244866
1.8729993474706204
.5351845826381604
.3029023401592755
2.6004192038401017
1.2090492137418876
1.1589815423716165
1.4348752049454747
.31943614394045716
1.8044425717594108
.06566610350026783
.7996874247899866
3.26974104555513
6.5917760328402855
.4713486942208716
1.190259056085492
.5686121786656062
3.1584522226759337
1.4631997981844667
.5869600745717755
2022288258682027e-21
25990997012629333e-22
.1575517591036367
1.2476738319784624
.5775490156255376
.7720045912137481
.13420279549307385
2.91774785740113
2.1020530278881964
3.9050194631315405
6.5886968789567595
.5268096074804381
.10161935068840812
2.8051075206858322
.3387316259357044
.5342404713439396
11805924198827495e-22
.8291167313344388
.9501329754695698
.989824757157656
.26623378760185845
.164520720597346
.7067987179462475
.6502325070927701
.3827305105193658
.9779018086201403
.4284710394018135
.18104469603572493
.815690483853857
1.1259314399986076
1.212406577654236
2.1891471322952163
.5450168845897141
.37981018125434907
.2010791263018537
.33772051622905197
1.1387233147304208
.33293593309343483
.4127148500629235
1.1301286499185168
.42332881057722876
1.3191629400107419
.08785996295849242
1.7117784696251759
.7265043995392313
1.164912523625244
.6176841670845296
7.030318743440864
.3711987723301061
.2855096123450719
5.193077916074482
.3643639019814949
.21687689572565994
.9431973970939389
.7472055161173672
1.1358076414585483
1.439844863398086
.21163481969969392
.45606080493396417
1.7330637545538805
1.3355408040574033
.28909436761180396
.30579017375510253
.2910799494505788
3.436383395652447
7.249273603293976
.2225860329073993
.10942014646721554
1.6005679023333368
1.2128511640439648
.32677445745701256
2.498606297336892
.22915129063878037
1.217577791429982
.2363476975212094
.6661422036736219
1.1447972081305178
1.8192762893121501
2.337615072231832
6.859950818285278
1.6701498713201923
.7618620597464674
.1502008498661843
6.59233806894933
.6499309434695423
2.6106467326641836
3.1739758160631517
.08517126742199341
.21304686603349243
1.2203871056657507
.5964736852300097
4.776277691577408
1.2347015144668352
1.4220572956626163
1.1683063233951747
1.434092506581643
.01700577188396108
2.3754332693855194
.4829653631503986
6.0304098231470205
2.8993859046812505
2.1801883131041087
1.024489000075436
12.398287995351849
.18396375103031218
3.580820425630021
.38490325179606233
3.817152782815093
1.0478764458138317
.4405209360234136
.5996349079867099
7.939099864013036
.6173217860379514
.5694597051178396
.14835684251801484
1.1949861147734522
.04721881615248933
.3115444943513268
.0863654770787001
1.3148298183543639
4.121667021681894
.18763677046471122
.4009911829787446
.5694929688160658
.7459313065810071
2.826156486686137
.7073159159134693
1.6576030145395977
.18264950469229838
.4768140116560097
1.4276909697207625
.8317314673976874
.014464488954208871
2.7432429308219985
5.818812273523117
1.1862685202115235
1.0157956357181404
.3566890900185947
.9854028031306215
4.534659208178755
.32271492159032744
.3541230000780835
.49558915282849103
.05200879221599981
.8256309856023575
.5589574469649968
.6063542674440986
.3929024742841561
2.233401947140035
.11958332250792483
.2378775036345367
.03506726810196198
.7499670838454452
1.1874907184713845
1.3343783505279725
1.8389763450987813
.49183168348192075
1.436828316224059
4.203619031753141
5.591287232297228
.708285332353813
1.2055048865766889
.297099335422386
6.847706150141742
.06601711148197163
.7993071821298952
1.7388989228903267
1.3119082237418478
.6918780006365972
6.719344826157471
.1930135313442092
3.6360927747933776
.5485637676702421
1.361249096431155
1.7278910235421983
3.3783993483291237
.30958645286307707
.8487779548506295
3.3437629411624785
.507294962287018
.5946854764779166
.6670053998872219
1.9030051912509167
.869480296255973
.26596948418468996
1.1496658203659598
.1996681730283283
.6437440805450129
1.7452661742757432
7.427339504706771
1.6523779308075974
.2690472874181223
.49050474965344004
.6837506750264251
.8471819087774072
.7052464107796055
.5379286470147281
1.4543769278976746
1.0477398002023022
.658828942483063
2.2463561508468977
.7597659039208088
.2874763831210062
6.554848799332698
.13911521337709642
.8916168417164871
1.0816677661666432
.9726866469714825
.08519475194949655
.9271684475383473
1.1207191878333953
4.7580491635465325
1.3599289481056638
3.3798239569093314
.6608039630836781
1.3378021982415622
4.591875099895033
.7266931850605542
1.2990809801798453
.8385925786868861
