1.4809003893262016
12438782602842632e-22
.8843465605449016
.15031490059964586
5.737373843986811
4768500298907453e-21
.5100627053911765
2.161972415484558
.15619347727848326
1.1514023076967401
3.9492957836576963
.49630395249726234
.040836550928371636
.13979972980171246
.30981402232042854
.038233373896239944
.00047370148765920494
3.800720761714622
.30298938358753047
.019701283045923793
.06656305485721323
.8861288652097135
.32378908629588365
.5331407789324838
1.7740291005596511
.3690851248231806
.021822556021483
.002496826632602544
.12696824471635135
.2760027491995074
.36310232445733637
.3080447688493847
.7636297056951414
.2578698918535124
.002326712083918488
.6254284899501635
.030080391823672975
.009560505091972434
.012206666605592853
.15206352618437952
.008576002006481363
.23937708929908197
.19328640313795697
.004342639850906256
5251974620819855e-21
.03575323752864689
.005239631295630323
.019579740443161017
.0039361405080683
.002296107809293068
.7892076169693968
.030963442105837135
.0033034011786252254
.12956777299548408
.029658421439515623
21648277699132166e-22
.008812853307898475
.0025753598583656166
.00010770770425788491
.02027106410324814
.01880151439842546
.0030419379308694633
.001119170579733933
.004163287385073479
.09295248701609111
.002153423583410699
.018555038780747532
.0015105028182238903
1.9540151525345792
.0003594321198888504
.030169496481668938
.004179853366262947
4216733038026417e-21
11219613318706134e-21
11592778001581552e-22
4159108032165459e-21
22577783543748287e-21
9735467992826384e-21
15282488307044868e-22
15210682525229414e-22
16905688466222874e-22
10350813782606797e-22
1579421170516566e-21
2016222404739158e-21
1e-6
2887208158958961e-21
222015314271476e-20
2809373749331566e-21
1172852351722722e-21
383854438883606e-20
4.752731926606108
2.3423657059551237
.14191567865969576
1.3130795981058856
.013821095265726634
3.9924949982753692
1.860811636115118
.9742396103520947
2.294074284891441
.41017700766041587
1.1623826557151196
2.634437425676957
1.4905321259305537
2.2771603315134965
.16875731563979313
6.178190100626265
.5958295828141195
1.9813699346279399
.5278918840624823
13.819489706173911
4.030289606238167
.7392240687330105
.06796933286225305
1.5976752741574012
.3819883947995517
2.6835032896054867
.25275122814054257
2.613715613634132
4.791405176330198
.03814875207359546
.8486178943564809
.24593553139178653
.047828526673506455
1.5171304260341194
.16544986704928052
.11398744440408357
1.138922337870276
2.1886584590364926
1.2588695288926726
.7752927740849369
1.100381715542541
.056709296700066206
1.862826385882092
.861378567569614
.2367873384726031
.6032187438248873
.13560118925362666
.8102104022273784
1.501013872478679
.5103202335016349
.5168441733281828
.45429331348608354
1.9147293697494336
.6154526018378065
.9104842391902706
.1892007426705341
.5887511808580231
2168987426637531e-21
.08749034550464102
1.9740773790506676
.32587406869969715
2.5318252333284987
1.039961399089763
2.7263397465575174
.0479538632049739
.24917349502685193
.9853012124195577
1.3125114181949993
.5799082018923467
3.8965739257122642
.03133836217051393
1.0598765346475314
.05621598774336009
1e-6
.16046140849529422
.4167532066798277
.10206391393246994
.40376190876313617
.5904693613199528
.7244412636856877
.28035556595557154
.12152676137036342
.12045841089564294
1.331275848834638
.2619590548820956
.8172615381541888
.35766329219129295
.1681960847655076
.6107147902648216
4.89237119552393
.5785664630685768
.10413421939837798
.011036998862610906
1.4459427445696056
.30610546455548693
.19712158451825973
.32415179534520067
.06638891691670128
.17736787673558063
.3679176175885163
.00766075484561351
1.0291063148312216
.16158840006545513
.6061013393091956
.6823256248731038
10.509622674553382
.3206663180756885
.8768289977187286
.22944882863816962
.2366489923661581
1.834003930779434
.2754885794561592
.1273309780426849
.09207151949059086
.6159400267980625
.06168693164755752
1.8580165081743718
.6259775952512217
.029876567273230518
1.3230369011102023
.1183119317752312
.11154120890601954
.13867398625807237
.1171330877733997
2.4372676386069005
7.044673166737274
.04554605854812205
3.2141945570513903
.6623570621688903
2.1814491536112013
3.731814101416308
.19319172870234017
.6940435026570776
.4484303235573258
2.1425872142988354
5.475301157969236
4.538247194548122
1.4437733934130015
.1501984311246082
.8175214388525437
.5119524077855317
4.0904375785109375
.05078890997777451
1.5535574508853134
.09130441637617834
12.141477985416786
.3710132351020054
.04127971432773629
5.087716579379315
5.386290530037889
.3442074678617748
1.6726125411639199
.7423741306234696
1.7903099533112008
.2750395054915839
.38124136474301984
5.936759303839779
4.629978126288169
4.079492064145708
14323162447167755e-22
.3972758334460015
.20187182941751236
.9236009527526017
.18468636251508644
.565767938502468
1.383031702063877
13.81782521494629
.5638884043458771
.21430003329840366
.5296394014626014
1.963265814134318
4.0062352442901235
.09638019922830224
1.574928549103969
.16676322114243947
1.4378404450901803
.8390601359443417
.9542801901995508
.4057328631670195
6.067101396348081
.38485596910982095
.34603912888502186
1.0050916328664228
.42061010807292765
.15353139008351593
.8286615733605014
.8387842075649973
10593028451503714e-22
.195617658662063
3.7001475009351052
.3428177775788114
.1044808081745369
3.2998823639133095
2.95061450101232
.5029508540437679
.14269258010802463
.03597044823530594
.8336724795593733
.14320697784585146
5.569958404985368
8.763258355433686
.9385515290911333
.8267384727525231
.14247533236338952
.048618553098519895
.13095770906475823
.1596730918804409
.24748634187602947
.40908439146097425
11.067127715146357
1.5030776720040113
.19921863499990147
.12841311532617838
.8116031546671365
3.849605988240307
2.499471722636475
.10119031246958145
4.592287379405794
.3336524913923998
6.908784545943
4.806807563468588
3.041777423090273
.2169039154064804
.69251659399616
6.613752681831567
3.691368667704093
.8107998981776506
22.539357005147806
6.250618681117556
.07701098962496884
.731018418833959
.08673698146879658
.32481579225842033
1.546952511711758
.09029037206168043
3876464643818774e-21
5.237874283274746
.395760885513964
.3071013616610593
.0657138260890986
1.9618912512482032
2.8059802901189377
3.4560813040208416
.4629765580061348
.017109747500519877
5.600120362619982
.2791868525429477
.11745385981544552
1.133355666766625
.47580389760782094
.05199329399133697
.47685854821914614
.09072526951736827
.18351152274237575
.3728253736905575
1.7667586388294858
2.2906793507537495
.11003711487109089
.25605621453415667
1.2805299571071107
.19180735391176623
.17534037225052304
.41020500374886293
.16908376623301194
9.822933860870862
7.741924124466948
2.3140737541603276
2.000653430059269
.03954864534406975
4.854784519712815
1.0649309766704211
.005231371888926981
.13083092711668584
.3599572227368819
.1350803689184907
.014817066113719007
.08962256055507542
3.2069783021190394
.31047541044755317
2.0121875909499503
.1366898512451879
.09167639669452016
.749697399755664
1.2277920820102322
.49045344779938427
3.74574287559269
.4863762492157362
.01302881622046986
.20281538092428103
.10754067297928219
2.5093522086350974
7.99645998550736
1.2737769358936553
.7438918523422247
.3541698453643925
.5993166529811473
1.347961220154057
3473367874789868e-21
1.4472100410910629
1.0804060242709543
.15474477679336796
.7320925430660734
.0068907450946779
.34148367243578404
.1189602637567615
5.950090102917246
.3263092209786462
2.6613854856981316
.2504932696100346
1.2104262218178177
.19421409284843424
5.481529635288122
1.1437388617081812
.5166804466565821
3.888676385299978
.10000048067492016
.3107434991936501
.38398036158515403
.0967474364607286
26.826888663244826
5167829513466079e-21
4.0161663262493
1.2817611243401033
11.253156486912129
.14165759727674873
.14291849466943818
.0505872744623124
.19781466179415522
.12573771615701695
.018573103564925093
.07122179054183246
.07442691075559554
.11057611860208608
.1802519434189346
.47277345664504417
.11333556445411444
.9318141250912996
.04042570868327881
.48392321417546635
3.778161740874671
.09704018968089945
3.5334087671736514
.2501616685128834
.3530908143858251
.1626978367651885
1.4891548765677936
.0671891834680438
1.6355762572172337
37230244261761456e-22
.0034139330734663264
.31776387627819513
.5085530237850747
.035637434239991495
.23448537166405659
.6898812927107796
.2428556859368655
1.3514294549460304
.24355891287716153
.053961970194739445
.27095084527867025
.25232624816764093
3.3161345818020136
.15931028170323228
.07755874996598577
.34174747848790743
.28811528721841256
.9113331941892174
4.29947480684246
11716777648030158e-22
1.1382686661264525
.4923535946254183
.5981983322082703
.03785790232653981
.06437872454497266
4.384125362812996
.08753061325194605
5.290848642923686
.997302796761345
.891232369945072
.18150896810881958
1.280127165279563
.26793301147327475
.04624989585449532
5.318054815739193
.08296758094762491
1.6790606858072321
17463776510420923e-22
.5001336836321126
.8532571667856329
3.293596477384864
.32806016639614366
16837728548212352e-22
.722167544119273
.4995966222625631
2.352037654087094
4.871062439533267
5.038712446362847
.6887457584754089
.43205887063092624
.8659473599724973
3.470827944916402
2919750311032994e-21
.5193789793123341
.3808271993316559
1.3590121878326664
.40384165516790926
.6122695444847422
6.16026091621872
.5457698201236578
.14193243645322196
4.214718477902267
2.7608187275029774
.03307841036733715
.17747508190412942
.13092901742446372
1.1166868751859498
.8726199020713961
5.313917824240691
1.138315043973568
.7110566624217034
.3454406233772953
.30289689917914103
.6838680951026697
.5912331303512607
1.207295639229634
1.2990582238815862
.25643582615085964
.6096870317286646
.13271394951878257
1.153127855214306
.483707520773756
2.8955010247604704
.10665285442534483
.0809807965429459
.011529113497274833
.21491994733213418
1.6321718695915046
.7504794019446215
.12801783745891876
4.459477757673871
3.34766695476569
2.0887351275848185
.961664922148113
.4934289418103871
1.2530337600569497
1.3940237695746491
.47557233754603584
.4616771118452384
1.7442082477243992
3.9470096254809315
.8157865704663437
.043216521775312704
.055149558111586006
1.177586741573404
1.1384042376411765
.8368866489083887
5.231165548208523
16.917882847300998
.09816448997123929
.6897532060469777
.16154771187293315
1.0929596331813185
1.0439307286087227
3.2816873016273354
.31302149663505285
2.824369713656146
.03752772060121896
2.6231399193786338
.04110442559960749
1.6350418025668036
2.7348223615739085
2.150130572485957
.21541442618722037
1.8570324156041036
.07536900400444
1.7490926962579192
.4582074252306486
1.2784068573947849
1.4545295975132861
.8062701113725114
.2885121473426177
.8679211424795126
.0625900203178927
.6657563453695502
.1536596361471332
2.292903757492458
.13013660216326373
.5410637762565161
1.2948329617694845
1.085138751373569
.030413189107911142
.010633729321744462
1.010359700756607
.12895433328619305
4.638459234921231
.4792268530777076
.10692828096540181
.06474139309027377
.30781161175510174
.6423634086801334
.10754506385776058
.018063266467152516
.39228063877019215
.036375073661096234
.014314932925948794
4.19069821757353
.15812127571930992
.041241175911523126
.6007576328071338
1.0716117442093482
.8026192566778091
.46998462290393983
.029499477627773357
7.113854391132027
.9423749266640915
205.2809901335461
.4528380521232812
1.098923354602581
.9135474422262768
2.123063119714584
.01947080562306102
106.68100275229068
.4544099831952666
.5066135088708696
1.0395560089494436
2.5887527431597603
.11824456629051303
.9203759723339575
.45211317860313704
1.077121759143301
.047427169209730446
.17763397947099474
.8818230986344161
.8903402114320496
8.042926356109795
.3295600752249026
.05795359449630041
1.1657978786346672
.2958933356457668
.05708654453513015
.28487112630532097
3.140975733460355
.03165133995119414
14.49093982571412
.3542120527046869
.4039972850164341
10.502546916282254
.5022495982724822
.036226655565802235
.9170641462528014
.04466182445423291
.030612165401301048
1.6134534227601145
3.977690412837555
.18960548681890813
.36560468351104597
1.17787102798244
.2846452533242074
.5774888127886695
1.735529658130137
.45827406594112874
5.800281949812314
.39144393912448155
1.414937295699237
14514312105869304e-22
.79031675772277
.19589925459081126
2.093621423615507
1.0414828151458522
.450256664770864
.6432542611416228
.28692604356225826
.15372185742955904
2.70617319846165
.528290825874834
.3868405622941379
.0035501960134310625
.8112442209092329
.25853148185567393
.024925809987095662
.10937010359074689
5.463499016031218
.592831716877975
.3479286140884409
3.0442387002859244
195921454814575e-20
.5132002635195895
.11042143891062434
.3984096600635566
.37551933048908215
.35497207881064724
.9209817830884047
.6485171478247709
1.7627336146183776
.21927984055488045
.9303463507205505
.0016679928178815959
.5495714557183716
.26903656202413057
.6843862705958949
.11344536424102757
8.652129313623172
.36357004862401077
1.4751470411671166
.2308345824478543
.5356441983386304
.12808325296873005
1.5568370936381797
.5641681795070943
.5780786774420583
.8071807370343562
.7428066354926633
.2617501140451063
.5831502038731164
.8135912472881661
1.0593023525501961
.3220677420353437
2.0608044382174113
.29128582954795834
.08428583527797665
1.9197866837031214
1.1646858417788266
.9442100796006594
.07985730277280313
.7344084412237827
5.935713164011247
2.7143125846540173
.8944934768053923
.1886316264112851
5.264929938562834
.45785468624239045
.020749484320843697
.21334499612446325
.7826804256184341
1.5855148500226892
.18583323871121732
16397030536497133e-22
.44819776121670213
.0014896354734218146
.1930519592000484
.044956583762378294
.01577025187934562
.12021100241806962
1.2595989290046499
6.6240554827634925
.4747897212816081
.09390808083539921
1.345176124260844
.08078489364843754
.611156879962521
.7707127414090106
.03432671423409005
