1.4238632632389612
.41966263672327847
.13937653330852529
198029418314145e-20
.3238927379114902
13558707150141448e-22
.039067599699425734
1.3387607731391
.9210109597843379
.23925159820425415
.3890123334283977
.35432510514682675
3.451232105910964
1.4248909065570212
.09594866800140137
.2071883435290764
.18639511317275664
.5911421381457274
.6625464554957452
.26625359137313354
18506582825997152e-22
.2144722025127097
1.0586390370115577
.3564433541992641
.43093636441998157
.256653587894633
.011587909157034587
.027134314838343315
1786099483816967e-21
.5279277005464439
.021331669019205246
.13386990218761474
5.77530147126266
.23349114556377604
.1114058748050274
.45266966593763436
.030632971671023412
.2778950775620797
15599157502482838e-22
.03358707455480732
.005657184942776374
.018605892348795443
.10693171563165824
.0174504095024766
11422630428597268e-22
.11567602201960231
.004384117546319391
.03411491567525774
.01914359265866705
.00397799312499503
.08766487578399229
.0062245260644157455
.004197515419000833
.19749494688687946
.01147295573971284
19602895191958034e-22
.04163567771851498
.03960607393354486
.08316243323268618
.01458811703278358
.013519006843390457
.01439293949808642
14499959106692794e-22
.10969866111170383
.04328225144299154
.015617098187463346
.02017592336045413
.008386553011816567
.3361897833003458
.003766205687137242
.029712906664458257
.0028411436541148694
770676003622067e-20
3297507779255408e-20
29610157961747423e-22
886373656449565e-20
5424937518423394e-20
17928609243628119e-22
13232352336655431e-22
5148198023644401e-21
13341962650078145e-22
33561151671198797e-22
12011167434782592e-21
7528119958768823e-21
16443402100690084e-22
10270149612581731e-21
6208667104344684e-21
4121219223596332e-21
18795468672824585e-21
2016216563287621e-20
3.5257425895197914
.2115918964383939
.7177211371728215
2.195707226178076
.7649780535670463
.2526058343488985
2.3622729086695586
2.753423126390371
.08778681782189164
.3368089063525174
.5050471305157859
2.3074637447801156
1.7947071599927293
10.777527359329351
.4214677121192342
.7738312758087003
1.7545786788225517
.3953050233331289
.29049513551031503
2.2596200603865184
1.1328565521113476
2.2569284450800833
6.635105479405334
.3941553131552288
.3829374638521687
3.362189767020496
.2501583518558626
11.389789298979261
.658961544628493
1125655799818103e-21
4.641340652585855
1.0032758757746936
1.6016376853537342
1.2536996116704677
1.569620950099282
.17029262491701788
.8838124856561292
.3556898187112375
3.2257244906892595
.6256601807089401
5.498278371392104
3.054768411753538
4.164691597843278
1.6932804477835641
4.733608499999038
.5458487009446489
.41248210264051766
.3633131506429998
2.4443147325400543
.3146621606161142
3.062168047285105
.2601508923251825
.7494348502845314
16932569169227966e-22
.18700831372160748
1.2223838449691111
.29479955587360523
.14121720832338813
11663805517076967e-22
.625267421458225
1.3855010460092747
.7040032053199488
2.079695202511971
2.0687504912032355
1.065857209350098
2.6550011978853276
.38565456290677563
1069318500158884e-21
.2713698929534674
.78172506712517
3.4926427460808522
.9987375789816961
.679858281242726
.28557304109476633
.27941884137603357
20.740892565500427
.6617661321512222
2.0023306112739423
1.4858151122946432
1.3264013613682621
.05674818600208338
3.8999711210341905
1.667089124586182
1.0985267906277076
1.1643681818689542
2.390869821284439
.025643877401388626
.04167591767040066
.5199147869487764
12.079295982279913
.1500832667242714
.22713674034482184
.2416623112601976
2.3907458960884433
.4428931689048189
.7690859380572617
.050783468407920807
2.079934338561434
1.25330920297026
2.2103706214857
.34038043645821137
.3858084730369741
.17979478040979557
.8038761630906466
.4191366405324674
2.6952654429131675
.11612936924286349
.8256516137025288
1.7233846608806336
7.815379868945777
.731439106671623
.9005435740606378
.351393245217041
1.9843667045871034
.21851071798802363
.5787262638132388
.06545771274670152
.23679809966536114
.7110542777799391
.3185096099247381
.33289697069952706
.2914312542923757
.37396118564804093
.47353694647551076
.24761208856232336
.14195476074367253
.1501388406810402
.2416546921208521
.14675780545620132
.40041719522803576
1.4784417328018602
2.3986578614610847
.37862790123341855
.03210064786604672
.41837946558398253
2.3381050830841374
24178124387127735e-22
.8010195976689897
1.9435833431030187
.5032079719275218
.5398256642122983
3.954467980360691
.565689234194748
1.3533051564423986
.746412180510434
.1473802321498228
4.538445162157583
.35542613102644915
.797487719585822
.6531155446338639
.07242272578843573
1.0728096719309113
.09533202657452736
2.068345674127472
.6242273968973748
1.9669024485177242
.5120606956605327
.22922323639005396
1.0565606558382186
.3050427802444019
1.9715837675202121
.3220122553348814
1.7025885156771114
.29137423688736863
2.338233402469796
.22425007929494917
1.6152983075712846
12260531507389264e-22
.21364617047009266
2.2315921610495733
.5666409026497883
1.6284799158765584
.316076438927151
.33696115872732396
.24032749562245936
.3751306742941452
.03647492051436315
.17207733153643817
.5620411468933397
.5546546443345082
.3438932966773738
2.130769924779156
.9372212927734648
.91056355415881
.031360269324825676
2.6892477844703673
2.3547650176849406
3550345103164415e-21
4.940597868691025
.5803364718274284
.45598204338771536
.06127156644396617
.3857248851647435
1.1349035162493166
.9169379218811589
1.4426679688227937
.5533315693947374
3.777524060650113
.1670493881084405
3.1633963506950082
.02193973443906344
.36656940608241245
.5487835492031905
.020298940680467777
1.385480565504512
1.1716241679872486
.23390962456491926
10.010418223507411
.13422037263827657
1.811969200932268
.5566295682792342
.4548635763605603
.14816439246441937
1.2506221872538386
3.2879798977775527
2.0813432790088773
.38674286596501734
5.531054223268329
.37134032593799515
2.50641301665626
.40091034324973507
2.4033590031067513
.5640013855711494
1.9641457291302968
.3137444333760738
1.1847599658931256
.1654437108194741
.9519671935041214
.12605646234819304
.12436240172041185
2.2517768492143504
1.0009153860973707
.38751484299283384
1.5938749898304514
1.1306138148103333
1038498909494327e-21
.9410912142057419
12938927457399867e-22
1.9503852822988779
.09436247905725377
1.9317435439106903
.7422185056362538
1.1881509597878248
.1393789293114961
.5287663316627073
1.4738360789826193
.3167963666754941
.5675984010737025
2.512344959432487
1.9298080733104328
.3076708838263705
1e-6
.6931792551253634
3.3854634091166256
.5819334976219183
.08479223809545781
.5003200106075398
3.609436627971909
1.284594745129346
10.938963596294203
2.8326631533551723
1.3662768400540277
.12356652685518905
.7373635225083902
1.3202000148481163
3.106055326369919
.2296740902327118
2.7273202988926437
1.6234160940915023
4.080806988439963
.6538897912855257
3.25211591162949
.39953607721417445
1.8020556326776787
.10629640987631742
171651540970381e-20
.3337768532750376
.7852655469201223
.19693350420940275
9.278755742507192
.1564640538852281
.2919042378089782
3.001514734691474
4.433108745371243
.11100424161483574
.5220423988352697
1.102309910714715
7.051650468961513
1.1150226414622741
6.079471457600481
.017443170871980457
3.0447634267917754
.4492142694102264
.21086874207937092
.1882012771374822
1.3280291889852331
.9002637654845268
30718013871768207e-22
.6023168550853442
1.7758326581397466
3.3785587658747023
.28892017353641325
.018324739519105127
.5367957243521486
1.275718761766556
.09296172927555285
.513901346424407
.795955548298233
1.237790724231837
15444060011989135e-22
.7779219058110078
1.7735383421508035
.1787957203400512
2.4771359589067945
.6952097194815167
8.106829251214368
.10236397809974829
.8942796245631863
1.1790784696755132
.2628109788252286
.8021220237889786
1.051615704167706
.7728167826151284
1.5336764802982472
.330924644881655
.8938977953099387
.20709082071047288
1.075593428062748
.08589301343536249
.04334902778416533
.4997296163040085
2.632722980610624
1.7600567695998277
5.778361596132835
.260816790507021
.24728875435255265
.2160796583085993
.11822006859775
.3725229672919389
1.7765051567854777
.08902966221472935
5.5359321570037086
.5033686029373707
3.9323156879547465
4.850291998748036
1.2012499057786943
1907389402354237e-21
1.2044020967139442
.10026498951709713
.003826196765874145
.54197498091463
.8154197043959943
.5345228473882935
.5675443527993657
1.0933206386654561
.10781957238583287
.2814593334826567
1.0673956015005595
.540308674661185
.5380343280498918
1.2930832203803475
.4923091895500725
.3619240405723054
1.4482546554767044
.46751865223682215
1.0124585921698148
.24989570740951972
1.0994198342652288
.5281339190735309
5.4392912252728705
1.0611669829874943
1.4049586627170327
11731705752680278e-22
1.1938357792500103
1.2619543681516177
.8699741694934758
.13235304001232906
1.241217884241599
.31886622855121155
2.5189677728181774
.6914078748491359
14.513915366412622
.3622534745788513
.5788150194125736
1.4824478986983252
1.2780803731302486
.19570874460560364
1.1610103944834906
3.1539451963590546
2.1000716861500233
.15147511946772776
482869332685198e-20
1.2545874316452748
2.053319701403209
.192277579308636
1.682173282843029
.5721895689498999
3.0891523703225436
.24868497763756858
.3439772782496995
9.783525869727015
.16169521030854977
.38345747682592174
.375753728090762
.450014741403983
.09241278796334754
.18968879796190818
10137781842421275e-22
.0547815803939262
2.830717933845605
1.273019254539962
2.2826801820480567
1.1067892247765778
2.3283934470002703
2.712354963187835
2.2901994155771326
.06413665847332913
6.144090137358482
1.1163702656355858
.4852423899340974
.11383434316085311
4.363486791084296
.21686241295150313
2.1853092182713127
.779172836104003
46996258833395194e-22
.721300966669833
1.9646351030369542
.5189875673820633
2.707574343983453
.0614284321597071
9.524229048954318
.29871547534943943
.2637021727842362
.25510400305088404
.4325196633487314
.08891307519454096
3.2207167341586884
1.7227557532540851
2.9279637346576033
.4753522608393173
.41088714476477883
.32957370521678386
.832002913831807
7.854490484545925
.6319751545947779
1.105020544972416
3.362930740388704
1.099277215387321
3.314994154331644
.450067231547703
.15170753314701257
.013425108314830334
.5950757804206553
2.2669981904801957
1.2438072384117558
.20503496793369444
1.775472968925133
.2052021859280087
.26352484284423333
.33733529070901175
1.7794156730323971
.6326943196286684
.16584039358740388
1197345476324339e-21
.23186217775884455
.2095218894251547
.10860135488352778
.6451818839736354
2.5973038568045888
.5580654499955202
.21854221500749035
.5606698958917945
11684103382552372e-22
.29547993572922504
1.550573373900649
.45848281721561324
.9673650371357545
.027657517577864346
.732438107556928
.5076143324973544
4.149282308897772
.5439621223342025
2.7114162373981148
.5870644928232157
1.3626528709262093
.027420862887695165
.35298611386818557
.2938280629145058
.49857446838988373
.24092605418191898
4.4849041039904325
.48361043434088696
2.918805070876393
1.771032121536705
2.3776871136951407
.9805296778786057
.5478269513906924
.4774007293693623
.10519047898334608
.5085827727366729
1.2819124599703895
.4395119609236782
.338138450534878
1.1208855603468526
1.9388467758928507
4.733989970836611
1967727966769507e-21
.3441622267970736
1.8446756594008538
.30773884353888314
4.208815729968973
.07192978604969116
4.171261314791473
.03057055647948745
.1700228059348169
.6917522398389309
2.8937860731841365
.9952083497321147
2.61052425420114
3.067659728093
5.183644504819659
2.0869853472421216
.2878541321942895
1.2713817606766595
6.831531371292681
.1922721673611139
2.5937522761115304
1.6466707283031319
1.312011048381624
.40047820375707016
15.314546409051282
1.878133599434803
3.866738726827518
.1916666306314643
.12099910111107258
.11740797920898466
1.3779121186001453
1.1063313821229193
.1128838022137466
1.6264584695284343
.44101333495143535
.08943528558808439
10.34543849490593
.7095476671002736
.9253923815820047
2.2825825706802787
1.8829092936242753
2.6698127473515108
2.5440344019619117
6.478514382871165
.9209335661655986
.4159277340772916
.15353993643945085
.08494800500340786
.19938721121329167
.09666068727813788
.8577184921747433
3.338479103082046
.2560868244179969
.9027710646345403
.09520424813518287
2.0844114928880453
.2556062912038752
17063729038760743e-22
4.380805154546334
.0853251149310192
.3791744275344575
4.439922700331068
3.6113929833286775
.5812913629699934
.7252006620329406
.6277238380132436
2.6638182980077953
.15112384676765714
.2604404096740361
.7293223601389983
9.357776705446433
.09979783974998101
10449315374798332e-22
1.2817486513542866
1.5829528572198412
.11634736443411992
.9397266647707059
.19164544590880747
.06510529854524275
1.1423518713185747
4.105809917825036
.10038802145536246
2.405551030111989
1.7754821053580758
2.441989557234106
1.7528294009030492
4.924331505851347
1.059470755894074
1.5978406632433368
2.0107770237263742
3.0706821655986625
.8309528019964901
.6783794454891595
.8841604679554507
1.6867265129581148
.12901540539626707
.2369098599558998
.08095810460161039
.3256074710592207
3.4045106871903372
.12378279435027492
1.0985742451536424
2.3062035577540945
.1164950679735639
1.6503256288592847
.6044554204255699
1.0413561525553354
1.4857335546576902
1.1529756365769834
.12961203027488982
.5224911330979538
.8450982260126768
2.1102800222338947
.1978278505655834
.5727570123468385
4.79602063683427
2.3919410165307022
5.44091926265373
1.6763403276145543
.23382699342409036
16.94087015618709
.8960572932480724
.8392921439930567
.8813365369370918
.15822648362938244
.32877892844098316
.6530014828593449
.34816485729437363
2.024979586594229
.0021662052058597503
.6410259089906227
16719377159601654e-22
.8267786324119415
.45544497196377143
1.5582407373692717
.13704074029704646
3.768342726469482
.07031690959994893
1.1770577060188405
.6668714314752481
15.829432377804322
.8244001272716266
2.600755263908619
.3817566424823567
.021527493680041206
