   2.0735568e-02   2.0735568e+02
   5.0792062e-03   5.0792062e+01
   4.9476606e-04   4.9476606e+00
   1.1719526e-08   1.1719526e-04
   1.3608325e-03   1.3608325e+01
   1.7080164e-08   1.7080164e-04
   1.2234179e-03   1.2234179e+01
   1.2436626e-02   1.2436626e+02
   8.4255261e-04   8.4255261e+00
   2.4036255e-03   2.4036255e+01
   3.3073698e-04   3.3073698e+00
   4.1874938e-04   4.1874938e+00
   1.5222087e-03   1.5222087e+01
   7.4583058e-03   7.4583058e+01
   8.7381036e-04   8.7381036e+00
   5.8679088e-04   5.8679088e+00
   1.4355078e-02   1.4355078e+02
   1.1097941e-02   1.1097941e+02
   3.7140971e-03   3.7140971e+01
   1.7214658e-04   1.7214658e+00
   2.8889326e-03   2.8889326e+01
   2.3219090e-02   2.3219090e+02
   2.9711324e-03   2.9711324e+01
   3.6750040e-03   3.6750040e+01
   8.7898757e-03   8.7898757e+01
   1.1484857e-02   1.1484857e+02
   7.9254966e-04   7.9254966e+00
   5.8990062e-04   5.8990062e+00
   1.2101619e-03   1.2101619e+01
   1.9504307e-03   1.9504307e+01
   1.2325191e-03   1.2325191e+01
   1.1700273e-03   1.1700273e+01
   2.2211331e-02   2.2211331e+02
   1.0686188e-04   1.0686188e+00
   5.6752780e-04   5.6752780e+00
   2.0012579e-02   2.0012579e+02
   5.5284695e-05   5.5284695e-01
   1.9770141e-04   1.9770141e+00
   5.5158132e-04   5.5158132e+00
   1.5044859e-03   1.5044859e+01
   2.4007065e-05   2.4007065e-01
   5.6453543e-04   5.6453543e+00
   3.6511883e-04   3.6511883e+00
   6.6350073e-05   6.6350073e-01
   1.0733251e-08   1.0733251e-04
   2.4381995e-04   2.4381995e+00
   4.1531386e-04   4.1531386e+00
   5.8298137e-04   5.8298137e+00
   8.7650099e-05   8.7650099e-01
   3.1012674e-05   3.1012674e-01
   4.2140579e-03   4.2140579e+01
   3.5705329e-05   3.5705329e-01
   7.1815716e-05   7.1815716e-01
   9.9365218e-04   9.9365218e+00
   4.5915250e-04   4.5915250e+00
   1.2037357e-08   1.2037357e-04
   3.4095726e-05   3.4095726e-01
   1.0337854e-03   1.0337854e+01
   4.4276449e-04   4.4276449e+00
   2.4566226e-04   2.4566226e+00
   9.9419907e-05   9.9419907e-01
   5.7867700e-05   5.7867700e-01
   1.3065969e-08   1.3065969e-04
   2.5750556e-04   2.5750556e+00
   2.7878841e-03   2.7878841e+01
   1.8772676e-05   1.8772676e-01
   7.0561524e-04   7.0561524e+00
   5.5594401e-04   5.5594401e+00
   3.9153863e-03   3.9153863e+01
   1.1744728e-04   1.1744728e+00
   2.9538174e-03   2.9538174e+01
   2.7713787e-04   2.7713787e+00
   3.1012444e-08   3.1012444e-04
   6.1316243e-08   6.1316243e-04
   1.0797835e-08   1.0797835e-04
   1.9604800e-08   1.9604800e-04
   2.9770083e-08   2.9770083e-04
   9.3590363e-08   9.3590363e-04
   1.1027024e-08   1.1027024e-04
   1.1104210e-07   1.1104210e-03
   6.0504936e-08   6.0504936e-04
   1.0934238e-08   1.0934238e-04
   4.9247452e-07   4.9247452e-03
   6.1736702e-08   6.1736702e-04
   2.0192871e-08   2.0192871e-04
   2.7522059e-08   2.7522059e-04
   1.9028138e-08   1.9028138e-04
   3.8458348e-08   3.8458348e-04
   5.2599805e-07   5.2599805e-03
   9.9450253e-08   9.9450253e-04
   1.0805247e+01   1.0805247e+01
   3.9387524e-01   3.9387524e-01
   2.8972931e+00   2.8972931e+00
   2.7480487e+00   2.7480487e+00
   1.3636913e-06   1.3636913e-06
   1.1510410e-01   1.1510410e-01
   1.9202660e-01   1.9202660e-01
   2.0452962e-01   2.0452962e-01
   6.1734284e-01   6.1734284e-01
   4.3693946e-01   4.3693946e-01
   7.5384243e-06   7.5384243e-06
   9.2260763e+00   9.2260763e+00
   1.5863320e+00   1.5863320e+00
   2.9923991e-01   2.9923991e-01
   7.1095432e-01   7.1095432e-01
   1.0954026e+00   1.0954026e+00
   7.4256814e-01   7.4256814e-01
   2.5194038e+00   2.5194038e+00
   3.7692744e-06   3.7692744e-06
   7.5190399e+00   7.5190399e+00
   4.6446324e+00   4.6446324e+00
   3.3593885e-01   3.3593885e-01
   5.7750898e-01   5.7750898e-01
   2.0530536e-01   2.0530536e-01
   1.0839893e+00   1.0839893e+00
   3.4725353e-01   3.4725353e-01
   2.4343546e+00   2.4343546e+00
   6.3683052e-01   6.3683052e-01
   5.4197443e-02   5.4197443e-02
   2.6836254e-02   2.6836254e-02
   7.0579827e-01   7.0579827e-01
   1.2712224e+00   1.2712224e+00
   5.6706341e-01   5.6706341e-01
   3.0809142e+00   3.0809142e+00
   1.4448546e+00   1.4448546e+00
   1.0509967e+00   1.0509967e+00
   1.8826454e-02   1.8826454e-02
   2.6432248e-01   2.6432248e-01
   6.3229041e-01   6.3229041e-01
   4.7576463e-01   4.7576463e-01
   8.2299755e-01   8.2299755e-01
   1.2557271e+00   1.2557271e+00
   4.1856109e-01   4.1856109e-01
   2.6461105e+00   2.6461105e+00
   2.2407645e-02   2.2407645e-02
   1.0131503e+00   1.0131503e+00
   2.1291179e-01   2.1291179e-01
   1.4264560e-06   1.4264560e-06
   1.2700264e+00   1.2700264e+00
   1.8114663e-01   1.8114663e-01
   6.8733381e-01   6.8733381e-01
   4.0197843e+00   4.0197843e+00
   1.4552509e-01   1.4552509e-01
   5.2492923e-01   5.2492923e-01
   2.1559917e-06   2.1559917e-06
   3.1335268e-01   3.1335268e-01
   4.4501584e-02   4.4501584e-02
   3.3986768e-01   3.3986768e-01
   9.4143266e-01   9.4143266e-01
   3.6229576e-01   3.6229576e-01
   2.7938571e-01   2.7938571e-01
   4.9567322e+00   4.9567322e+00
   7.5701137e-01   7.5701137e-01
   4.5979071e-02   4.5979071e-02
   2.0066459e-01   2.0066459e-01
   2.0475647e-02   2.0475647e-02
   3.1535316e-01   3.1535316e-01
   8.4429989e+00   8.4429989e+00
   3.0849181e-02   3.0849181e-02
   1.8942224e+00   1.8942224e+00
   1.3495388e+00   1.3495388e+00
   2.4370206e-01   2.4370206e-01
   4.0010229e-01   4.0010229e-01
   1.0120863e-06   1.0120863e-06
   1.9559657e-01   1.9559657e-01
   7.0768002e+00   7.0768002e+00
   5.7360836e-01   5.7360836e-01
   3.3941101e+00   3.3941101e+00
   9.0987742e-01   9.0987742e-01
   4.4217737e+01   4.4217737e+01
   2.9252199e+00   2.9252199e+00
   2.0142711e+00   2.0142711e+00
   7.1695219e+00   7.1695219e+00
   8.3668951e-01   8.3668951e-01
   5.3749249e-01   5.3749249e-01
   1.7049752e-06   1.7049752e-06
   3.3175637e-02   3.3175637e-02
   8.8256437e-02   8.8256437e-02
   3.0281756e-01   3.0281756e-01
   5.5195467e+00   5.5195467e+00
   1.1769731e+00   1.1769731e+00
   2.6966309e+00   2.6966309e+00
   6.3567353e-01   6.3567353e-01
   5.0310298e-02   5.0310298e-02
   7.9307480e-01   7.9307480e-01
   2.1497981e+00   2.1497981e+00
   6.9816807e-02   6.9816807e-02
   4.0436540e-01   4.0436540e-01
   1.4438982e-01   1.4438982e-01
   3.8572714e+00   3.8572714e+00
   2.1916887e-02   2.1916887e-02
   7.8584114e+00   7.8584114e+00
   1.2159332e+00   1.2159332e+00
   2.3193277e+00   2.3193277e+00
   9.4113051e-01   9.4113051e-01
   3.1329920e+00   3.1329920e+00
   2.0502471e-01   2.0502471e-01
   5.5857724e-01   5.5857724e-01
   1.5630916e+00   1.5630916e+00
   2.5178720e+00   2.5178720e+00
   4.8094463e+00   4.8094463e+00
   3.3933223e-01   3.3933223e-01
   4.5266475e-01   4.5266475e-01
   1.5269248e-01   1.5269248e-01
   7.6310680e-01   7.6310680e-01
   1.4883085e-01   1.4883085e-01
   2.7483400e-01   2.7483400e-01
   7.9386692e-02   7.9386692e-02
   1.7717169e-02   1.7717169e-02
   6.0871958e-01   6.0871958e-01
   3.5844320e-02   3.5844320e-02
   9.4267135e-01   9.4267135e-01
   2.2391741e+00   2.2391741e+00
   4.9115709e-01   4.9115709e-01
   1.4903736e+00   1.4903736e+00
   1.1626302e+00   1.1626302e+00
   1.3485055e-01   1.3485055e-01
   1.8336743e+00   1.8336743e+00
   1.1174996e-01   1.1174996e-01
   4.8562910e+00   4.8562910e+00
   5.4360716e+00   5.4360716e+00
   1.0189197e+01   1.0189197e+01
   5.1816807e-02   5.1816807e-02
   1.1620491e-01   1.1620491e-01
   2.0221707e-01   2.0221707e-01
   2.3713056e+00   2.3713056e+00
   5.2347980e-01   5.2347980e-01
   4.1755504e-01   4.1755504e-01
   6.8152771e-02   6.8152771e-02
   9.2239760e-03   9.2239760e-03
   2.3224448e-01   2.3224448e-01
   6.1951288e-01   6.1951288e-01
   3.6637280e-01   3.6637280e-01
   3.5624816e+00   3.5624816e+00
   1.3561260e+00   1.3561260e+00
   2.2186761e+00   2.2186761e+00
   5.2925382e-01   5.2925382e-01
   1.4164890e-06   1.4164890e-06
   2.5793776e-06   2.5793776e-06
   2.5893564e+00   2.5893564e+00
   1.6296734e+00   1.6296734e+00
   4.1722819e+00   4.1722819e+00
   1.1542496e-06   1.1542496e-06
   9.9023192e-01   9.9023192e-01
   1.5515310e-01   1.5515310e-01
   1.2314060e-06   1.2314060e-06
   1.2520914e-01   1.2520914e-01
   1.3021633e+00   1.3021633e+00
   2.2326147e+00   2.2326147e+00
   1.5696314e-06   1.5696314e-06
   4.4234498e-01   4.4234498e-01
   1.0220700e+00   1.0220700e+00
   1.2215108e+00   1.2215108e+00
   9.7462150e-01   9.7462150e-01
   8.4491481e-02   8.4491481e-02
   8.3975403e-02   8.3975403e-02
   9.1099232e-01   9.1099232e-01
   1.4322161e+00   1.4322161e+00
   3.8859519e-02   3.8859519e-02
   3.1887647e+00   3.1887647e+00
   2.0499002e+00   2.0499002e+00
   2.5044174e+00   2.5044174e+00
   1.2926871e+00   1.2926871e+00
   8.2611063e-01   8.2611063e-01
   3.8496897e+00   3.8496897e+00
   1.2377124e+00   1.2377124e+00
   1.3910038e+00   1.3910038e+00
   9.6183332e-04   9.6183332e-04
   1.3726765e+00   1.3726765e+00
   1.0715289e-01   1.0715289e-01
   9.0500174e-01   9.0500174e-01
   1.8291794e-01   1.8291794e-01
   1.0420156e-01   1.0420156e-01
   2.1190782e-02   2.1190782e-02
   1.4945625e-01   1.4945625e-01
   8.3319111e-01   8.3319111e-01
   1.3952003e+00   1.3952003e+00
   1.1039191e-06   1.1039191e-06
   1.1890902e+00   1.1890902e+00
   2.9741879e+00   2.9741879e+00
   1.5025061e+00   1.5025061e+00
   1.8282519e-01   1.8282519e-01
   6.6290984e-01   6.6290984e-01
   3.3299436e+00   3.3299436e+00
   9.0695916e+00   9.0695916e+00
   3.7353595e-01   3.7353595e-01
   2.6567767e-01   2.6567767e-01
   5.9315748e-01   5.9315748e-01
   1.0005746e+00   1.0005746e+00
   4.4412272e-01   4.4412272e-01
   1.0488969e-06   1.0488969e-06
   2.3834582e-01   2.3834582e-01
   2.9453505e+00   2.9453505e+00
   1.9339822e-01   1.9339822e-01
   1.0756439e-01   1.0756439e-01
   5.3530200e-01   5.3530200e-01
   1.3625698e-01   1.3625698e-01
   2.6584284e+00   2.6584284e+00
   3.9421394e-01   3.9421394e-01
   2.1053036e+00   2.1053036e+00
   8.0854991e-01   8.0854991e-01
   2.2253916e+00   2.2253916e+00
   3.9244099e-01   3.9244099e-01
   1.7892352e+00   1.7892352e+00
   1.2674662e+00   1.2674662e+00
   1.5842715e-06   1.5842715e-06
   1.3574383e-06   1.3574383e-06
   2.3706502e+00   2.3706502e+00
   1.4587917e-02   1.4587917e-02
   1.9744453e+00   1.9744453e+00
   2.3709489e-01   2.3709489e-01
   8.3002316e-01   8.3002316e-01
   1.3663388e+00   1.3663388e+00
   1.4682684e-01   1.4682684e-01
   2.3775174e-01   2.3775174e-01
   3.7218378e+00   3.7218378e+00
   9.2017692e-01   9.2017692e-01
   4.2622291e+00   4.2622291e+00
   5.2933165e-02   5.2933165e-02
   1.2507412e-06   1.2507412e-06
   1.3100881e-01   1.3100881e-01
   1.2786996e-01   1.2786996e-01
   1.2463276e+00   1.2463276e+00
   4.8091632e-01   4.8091632e-01
   3.8286085e-02   3.8286085e-02
   2.0291724e-06   2.0291724e-06
   1.0122783e+00   1.0122783e+00
   2.6694189e-01   2.6694189e-01
   7.4596021e-01   7.4596021e-01
   1.0001076e+00   1.0001076e+00
   4.2572521e+00   4.2572521e+00
   5.0556070e-02   5.0556070e-02
   2.1560202e+00   2.1560202e+00
   1.6685080e+01   1.6685080e+01
   1.8989962e-06   1.8989962e-06
   5.2655189e-01   5.2655189e-01
   3.2399604e+00   3.2399604e+00
   1.6660839e-01   1.6660839e-01
   7.3689382e-02   7.3689382e-02
   2.2325956e+00   2.2325956e+00
   1.3730339e+00   1.3730339e+00
   2.2041101e+00   2.2041101e+00
   3.8079829e-01   3.8079829e-01
   2.2953339e+00   2.2953339e+00
   1.0501669e+00   1.0501669e+00
   8.3390224e-01   8.3390224e-01
   1.6149259e+00   1.6149259e+00
   1.4819279e+01   1.4819279e+01
   2.6200715e+00   2.6200715e+00
   1.5612642e+00   1.5612642e+00
   1.5176302e+00   1.5176302e+00
   1.6886874e+00   1.6886874e+00
   4.9125248e-01   4.9125248e-01
   4.9424510e-01   4.9424510e-01
   3.4713564e-01   3.4713564e-01
   9.9380645e-01   9.9380645e-01
   1.3223326e+00   1.3223326e+00
   1.2132273e+00   1.2132273e+00
   5.1470443e+00   5.1470443e+00
   5.9092067e-01   5.9092067e-01
   1.9197117e+00   1.9197117e+00
   3.7152328e-03   3.7152328e-03
   5.8360235e-01   5.8360235e-01
   5.6941728e+00   5.6941728e+00
   2.4582023e-01   2.4582023e-01
   1.1217458e-06   1.1217458e-06
   1.7065010e-01   1.7065010e-01
   1.2647132e+00   1.2647132e+00
   3.9137963e+00   3.9137963e+00
   9.1001010e-03   9.1001010e-03
   1.2130682e-01   1.2130682e-01
   7.3397205e-02   7.3397205e-02
   2.4427235e-01   2.4427235e-01
   6.4782847e-02   6.4782847e-02
   1.8521424e-06   1.8521424e-06
   5.9158253e-01   5.9158253e-01
   1.7763935e+00   1.7763935e+00
   1.6387545e+00   1.6387545e+00
   1.3341124e+01   1.3341124e+01
   9.4596242e-01   9.4596242e-01
   9.5643391e-04   9.5643391e-04
   3.1469246e-01   3.1469246e-01
   7.6694380e-01   7.6694380e-01
   6.3395400e-02   6.3395400e-02
   8.2682361e-01   8.2682361e-01
   1.8664328e+00   1.8664328e+00
   4.2048537e-01   4.2048537e-01
   1.4382600e-06   1.4382600e-06
   6.3793731e-01   6.3793731e-01
   1.5715360e+00   1.5715360e+00
   7.0923435e-02   7.0923435e-02
   2.0475207e-01   2.0475207e-01
   1.2463722e-06   1.2463722e-06
   5.8439833e-01   5.8439833e-01
   1.5844022e-01   1.5844022e-01
   7.4350578e+00   7.4350578e+00
   1.3710605e-06   1.3710605e-06
   1.4674186e-01   1.4674186e-01
   3.1058918e-01   3.1058918e-01
   1.8408856e-06   1.8408856e-06
   1.3659255e+00   1.3659255e+00
   6.4858562e+00   6.4858562e+00
   2.8461054e-01   2.8461054e-01
   1.7051641e-01   1.7051641e-01
   2.8517893e+00   2.8517893e+00
   2.5786520e-01   2.5786520e-01
   2.1908424e-01   2.1908424e-01
   3.3814558e-01   3.3814558e-01
   4.9566910e-01   4.9566910e-01
   6.6130897e-01   6.6130897e-01
   1.9818401e-06   1.9818401e-06
   1.0868851e-06   1.0868851e-06
   2.2876597e-02   2.2876597e-02
   1.5243953e-01   1.5243953e-01
   9.8734685e-02   9.8734685e-02
   1.4719517e+00   1.4719517e+00
   1.2012333e-01   1.2012333e-01
   1.1702048e+00   1.1702048e+00
   7.6222418e-01   7.6222418e-01
   1.3253414e-06   1.3253414e-06
   1.5700676e-01   1.5700676e-01
   8.7175040e-02   8.7175040e-02
   1.4549126e+00   1.4549126e+00
   6.7057179e-01   6.7057179e-01
   7.6176955e-01   7.6176955e-01
   5.3462246e-01   5.3462246e-01
   1.1002425e+00   1.1002425e+00
   1.8868178e-01   1.8868178e-01
   5.5952337e-01   5.5952337e-01
   1.2838866e+00   1.2838866e+00
   1.7966529e-01   1.7966529e-01
   6.2975319e+00   6.2975319e+00
   2.5481042e-01   2.5481042e-01
   5.4294191e-01   5.4294191e-01
   2.7691922e+00   2.7691922e+00
   2.3439983e-01   2.3439983e-01
   2.4428010e-02   2.4428010e-02
   1.5335388e+00   1.5335388e+00
   1.0961645e-06   1.0961645e-06
   1.8074998e-06   1.8074998e-06
   7.6251502e-03   7.6251502e-03
   2.3187907e-06   2.3187907e-06
   2.3571262e+00   2.3571262e+00
   1.5872182e+00   1.5872182e+00
   3.7107135e-01   3.7107135e-01
   4.5259832e-01   4.5259832e-01
   1.1124142e+00   1.1124142e+00
   2.2617504e-01   2.2617504e-01
   9.0099200e-01   9.0099200e-01
   3.9123820e-02   3.9123820e-02
   8.9869551e-02   8.9869551e-02
   1.3462097e+00   1.3462097e+00
   2.2581218e+00   2.2581218e+00
   4.8846591e-02   4.8846591e-02
   1.5151392e+00   1.5151392e+00
   1.1573197e+00   1.1573197e+00
   9.7185806e-01   9.7185806e-01
   6.6486920e-01   6.6486920e-01
   1.1219239e-06   1.1219239e-06
   6.9841355e-01   6.9841355e-01
   3.2476766e+00   3.2476766e+00
   1.0205497e+00   1.0205497e+00
   1.2568305e-01   1.2568305e-01
   1.1499600e-01   1.1499600e-01
   3.7354812e-01   3.7354812e-01
   1.1493175e-01   1.1493175e-01
   9.1987662e-03   9.1987662e-03
   6.5487390e+00   6.5487390e+00
   1.0893207e-01   1.0893207e-01
   7.2093754e-01   7.2093754e-01
   4.4830997e-02   4.4830997e-02
   1.7436818e+00   1.7436818e+00
   1.4675761e-01   1.4675761e-01
   1.9375799e-01   1.9375799e-01
   1.8752959e-01   1.8752959e-01
   1.2345488e+00   1.2345488e+00
   8.0504907e-01   8.0504907e-01
   2.0173682e+00   2.0173682e+00
   1.6850941e+00   1.6850941e+00
   1.1124687e+00   1.1124687e+00
   2.1488066e-01   2.1488066e-01
   1.1643710e-06   1.1643710e-06
   1.3199970e+00   1.3199970e+00
   2.0942363e+00   2.0942363e+00
   1.4916450e-06   1.4916450e-06
   2.1751157e-01   2.1751157e-01
   6.3772150e-01   6.3772150e-01
   1.2927254e+00   1.2927254e+00
   2.2063143e-01   2.2063143e-01
   7.7782424e-01   7.7782424e-01
   1.1274682e+01   1.1274682e+01
   1.1067808e-06   1.1067808e-06
   1.4236644e+00   1.4236644e+00
   1.1246897e-01   1.1246897e-01
   1.6612433e-06   1.6612433e-06
   1.7751381e+00   1.7751381e+00
   7.3596814e-01   7.3596814e-01
   2.9103558e-06   2.9103558e-06
   2.0738411e-01   2.0738411e-01
   3.6425542e-01   3.6425542e-01
   3.2355189e+00   3.2355189e+00
   4.8473571e-01   4.8473571e-01
   4.6589296e-01   4.6589296e-01
   3.0099341e+00   3.0099341e+00
   3.5358394e-01   3.5358394e-01
   5.1490696e+00   5.1490696e+00
   2.9377496e-01   2.9377496e-01
   1.7661270e-01   1.7661270e-01
   4.3166689e-01   4.3166689e-01
   2.9142031e+00   2.9142031e+00
   5.4567607e-02   5.4567607e-02
   2.5289080e+00   2.5289080e+00
   2.1401817e-01   2.1401817e-01
   3.4715703e+00   3.4715703e+00
   2.0661843e+00   2.0661843e+00
   4.0551177e-01   4.0551177e-01
   1.4669761e+00   1.4669761e+00
   1.4836136e+00   1.4836136e+00
   1.0268990e+01   1.0268990e+01
   6.0616638e+00   6.0616638e+00
   6.3985633e-02   6.3985633e-02
   1.3485578e+00   1.3485578e+00
   6.8384052e-01   6.8384052e-01
   1.4342431e-01   1.4342431e-01
   3.2719418e-01   3.2719418e-01
   8.0076818e-01   8.0076818e-01
   7.0928762e-02   7.0928762e-02
   1.8477914e+00   1.8477914e+00
   2.2791458e-01   2.2791458e-01
   2.3337102e+00   2.3337102e+00
   3.0339967e-01   3.0339967e-01
   1.9171383e-01   1.9171383e-01
   1.5062612e-01   1.5062612e-01
   2.7006031e+00   2.7006031e+00
   5.0903900e-01   5.0903900e-01
   2.0057310e+00   2.0057310e+00
   1.9856143e-01   1.9856143e-01
   3.2540121e+00   3.2540121e+00
   1.3211349e-01   1.3211349e-01
   8.7788764e-01   8.7788764e-01
   4.2515845e-02   4.2515845e-02
   1.9797540e-01   1.9797540e-01
   2.4266033e-01   2.4266033e-01
   2.9848903e+00   2.9848903e+00
   4.1362605e-01   4.1362605e-01
   1.6382071e-01   1.6382071e-01
   1.0410141e+00   1.0410141e+00
   1.5992822e-01   1.5992822e-01
   1.1000340e+01   1.1000340e+01
   1.3901338e+00   1.3901338e+00
   1.6091803e-01   1.6091803e-01
   1.8627792e+00   1.8627792e+00
   9.9480507e-02   9.9480507e-02
   1.6579706e+00   1.6579706e+00
   4.3196389e-01   4.3196389e-01
   2.6467652e+00   2.6467652e+00
   5.9594065e-01   5.9594065e-01
   6.4781249e-01   6.4781249e-01
   3.8074982e-02   3.8074982e-02
   7.5422322e-02   7.5422322e-02
   3.6536844e-01   3.6536844e-01
   3.4533160e+00   3.4533160e+00
   4.8948400e-02   4.8948400e-02
   1.1735424e-06   1.1735424e-06
   4.3451571e+00   4.3451571e+00
   1.6933931e+00   1.6933931e+00
   9.2798298e-01   9.2798298e-01
   2.3864648e+00   2.3864648e+00
   1.3631136e-01   1.3631136e-01
   6.7021138e-02   6.7021138e-02
   2.5244711e+00   2.5244711e+00
   2.7503342e+00   2.7503342e+00
   1.3450047e+00   1.3450047e+00
   9.9509289e-02   9.9509289e-02
   5.8495700e-01   5.8495700e-01
   6.5248803e+01   6.5248803e+01
   1.5415251e-01   1.5415251e-01
   4.4540284e-01   4.4540284e-01
   1.9888266e-01   1.9888266e-01
   6.3308153e-01   6.3308153e-01
   4.3354565e-02   4.3354565e-02
   1.3322642e+00   1.3322642e+00
   1.2939305e+00   1.2939305e+00
   4.0585011e-03   4.0585011e-03
   9.9790586e-01   9.9790586e-01
   1.1236327e+00   1.1236327e+00
   1.2290974e-01   1.2290974e-01
   3.3126672e+00   3.3126672e+00
   2.5678403e-01   2.5678403e-01
   4.0857434e-01   4.0857434e-01
   8.6116101e-01   8.6116101e-01
   1.6073366e+00   1.6073366e+00
   2.2199698e-02   2.2199698e-02
   1.6052794e+01   1.6052794e+01
   4.6877898e-01   4.6877898e-01
   7.9931659e-01   7.9931659e-01
   8.4554054e-02   8.4554054e-02
   5.0985659e-06   5.0985659e-06
   5.5446178e-01   5.5446178e-01
   2.4171436e+00   2.4171436e+00
   2.6030393e+00   2.6030393e+00
   3.1494344e+01   3.1494344e+01
   2.3974431e-01   2.3974431e-01
   3.7561358e+00   3.7561358e+00
   1.6416326e+00   1.6416326e+00
   2.0418856e+00   2.0418856e+00
   1.4037753e-01   1.4037753e-01
   2.5653458e+00   2.5653458e+00
   9.1192824e-01   9.1192824e-01
   5.1188508e+00   5.1188508e+00
   3.4783704e-01   3.4783704e-01
   7.4683609e+00   7.4683609e+00
   6.6096004e-02   6.6096004e-02
   1.1845999e+01   1.1845999e+01
   2.3185236e+00   2.3185236e+00
   4.7077392e+00   4.7077392e+00
   2.2321748e-01   2.2321748e-01
   1.0684806e+00   1.0684806e+00
   2.4758901e-01   2.4758901e-01
   1.7612959e+00   1.7612959e+00
   3.0371039e-01   3.0371039e-01
   9.1554016e-01   9.1554016e-01
   9.9433383e-01   9.9433383e-01
   4.1408259e+00   4.1408259e+00
   5.7695672e-02   5.7695672e-02
   1.3516055e+00   1.3516055e+00
   3.7452015e-01   3.7452015e-01
   1.9697286e+00   1.9697286e+00
   2.1323425e+00   2.1323425e+00
   7.1650079e-01   7.1650079e-01
   5.1442964e-02   5.1442964e-02
   5.8014412e+00   5.8014412e+00
   7.3950281e-02   7.3950281e-02
   4.1528898e-01   4.1528898e-01
   1.6371485e+00   1.6371485e+00
   7.0968810e+00   7.0968810e+00
   8.8251568e-01   8.8251568e-01
   3.4157815e+00   3.4157815e+00
   1.1729116e-01   1.1729116e-01
   2.1889460e+00   2.1889460e+00
   1.1704097e-01   1.1704097e-01
   5.6653965e-01   5.6653965e-01
   5.8434447e-01   5.8434447e-01
   2.0167463e-01   2.0167463e-01
   1.0435464e-01   1.0435464e-01
   3.0119381e-01   3.0119381e-01
   1.0914644e+00   1.0914644e+00
   7.1089639e-01   7.1089639e-01
   3.3751348e-02   3.3751348e-02
   9.5364327e-01   9.5364327e-01
   9.4226397e-02   9.4226397e-02
   1.7169864e-02   1.7169864e-02
   2.1803551e-01   2.1803551e-01
   9.5616366e-02   9.5616366e-02
   1.1232166e-06   1.1232166e-06
   8.2581401e-02   8.2581401e-02
   2.7937155e+00   2.7937155e+00
   5.5735638e-01   5.5735638e-01
   1.9599351e-01   1.9599351e-01
   5.6514610e+00   5.6514610e+00
   6.4120617e-01   6.4120617e-01
   4.2315830e-01   4.2315830e-01
   2.3967828e-01   2.3967828e-01
   2.5114889e-01   2.5114889e-01
   2.7562518e+00   2.7562518e+00
   1.0374354e-01   1.0374354e-01
   2.3605114e+00   2.3605114e+00
   1.0029546e-01   1.0029546e-01
   2.6871478e-02   2.6871478e-02
   1.0771844e-06   1.0771844e-06
   6.9409030e-02   6.9409030e-02
   1.0319975e-06   1.0319975e-06
   3.5884371e-02   3.5884371e-02
   6.3388624e-01   6.3388624e-01
   1.0686934e+00   1.0686934e+00
   6.3172663e-06   6.3172663e-06
   1.7599579e-06   1.7599579e-06
   2.5196460e+00   2.5196460e+00
   1.2606910e-01   1.2606910e-01
   2.0379291e-01   2.0379291e-01
   1.5051667e-01   1.5051667e-01
   5.8554216e+00   5.8554216e+00
   3.1698065e-01   3.1698065e-01
   8.6248383e-01   8.6248383e-01
   1.8094910e-01   1.8094910e-01
   9.9349201e-01   9.9349201e-01
   1.3305417e+00   1.3305417e+00
   9.6521738e-01   9.6521738e-01
   1.1310412e+00   1.1310412e+00
   5.0749480e-01   5.0749480e-01
   1.4030504e-01   1.4030504e-01
   4.3252785e-01   4.3252785e-01
   3.8083639e+00   3.8083639e+00
   1.6815765e-01   1.6815765e-01
   1.1498754e+00   1.1498754e+00
   1.0349832e+00   1.0349832e+00
   3.0886256e+00   3.0886256e+00
   9.4964543e+00   9.4964543e+00
   1.1841919e+00   1.1841919e+00
   1.8324590e-02   1.8324590e-02
   4.1711084e-02   4.1711084e-02
   1.5444731e+00   1.5444731e+00
   6.0711801e-02   6.0711801e-02
   2.4373626e-01   2.4373626e-01
   9.7579626e+00   9.7579626e+00
   4.6982516e+00   4.6982516e+00
   9.8760638e-01   9.8760638e-01
   1.3537957e-02   1.3537957e-02
   5.4015800e-01   5.4015800e-01
   1.1269306e+00   1.1269306e+00
   5.5350476e-02   5.5350476e-02
   4.9358247e-01   4.9358247e-01
   6.5266118e+00   6.5266118e+00
   8.6653088e-01   8.6653088e-01
   1.1753466e+00   1.1753466e+00
   4.4596388e+00   4.4596388e+00
   9.0532583e-01   9.0532583e-01
   2.0109282e+00   2.0109282e+00
   2.4711737e+00   2.4711737e+00
   4.7687499e-01   4.7687499e-01
   1.3435828e-01   1.3435828e-01
   8.2213378e-01   8.2213378e-01
   2.4726123e-01   2.4726123e-01
   5.2543773e-01   5.2543773e-01
   5.5294871e-01   5.5294871e-01
   5.5309946e-01   5.5309946e-01
   1.7529476e-02   1.7529476e-02
   1.0177717e+01   1.0177717e+01
   1.2811269e-06   1.2811269e-06
   3.6362240e+00   3.6362240e+00
   1.5503229e+00   1.5503229e+00
   5.7537091e-01   5.7537091e-01
   3.4959584e+00   3.4959584e+00
   1.6887165e+00   1.6887165e+00
   4.1939561e-01   4.1939561e-01
   3.5625495e-02   3.5625495e-02
   9.9155075e-01   9.9155075e-01
   1.4883041e+00   1.4883041e+00
   2.2851374e-01   2.2851374e-01
   7.4077545e-01   7.4077545e-01
   6.3453001e-01   6.3453001e-01
   2.2269536e-06   2.2269536e-06
