2.0735567889775037
.5079206232129077
.04947660643857104
11719526175667272e-22
.13608324744194106
1708016365322854e-21
.12234179269827986
1.2436626018374082
.08425526117362779
.2403625515960891
.03307369847290237
.04187493772227241
.15222087118499392
.7458305803554818
.08738103595411702
.05867908831270667
1.4355077947044967
1.1097940959731438
.3714097141289703
.017214657519158568
.28889325901358226
2.3219089802156394
.29711323833826314
.3675004008061983
.8789875685374982
1.1484856746371177
.07925496638287388
.05899006167454121
.12101619009320198
.19504306778973207
.12325190534504318
.11700272543618026
2.2211330950812807
.010686188033150388
.056752780208840475
2.001257876522301
.005528469490241154
.019770140515134604
.0551581319465749
.1504485943019694
.0024007065284997724
.05645354319234914
.03651188334875876
.006635007251754633
10733250708963828e-22
.024381994705992737
.04153138562857059
.058298136675664865
.008765009934443518
.0031012674426102896
.42140579297153746
.0035705328990383624
.007181571647849674
.09936521846561036
.04591524998657735
12037356887599627e-22
.0034095726028282487
.10337853612293903
.044276448735919224
.024566225535499434
.009941990745130866
.005786770007064283
13065969083198976e-22
.025750555539105373
.2787884125289328
.0018772675586539863
.07056152365558013
.05559440066067675
.39153862864458505
.011744727791655783
.2953817409981334
.027713786654911542
3101244384131066e-21
613162431476868e-20
10797834567019253e-22
1960480037188477e-21
2977008339241625e-21
9359036293609761e-21
1102702362544353e-21
11104209891688086e-21
6050493648858854e-21
10934238270375288e-22
4924745219261395e-20
61736702104033105e-22
2019287143342247e-21
27522058826781893e-22
1902813841226693e-21
3845834791596369e-21
52599805089578204e-21
9945025254795734e-21
10.80524748839777
.39387524206100594
2.8972930802989443
2.7480486618242206
13636912684771684e-22
.11510409749218686
.19202659965513993
.20452961583910875
.6173428428005197
.4369394605763231
7538424288205874e-21
9.226076303551135
1.5863319976455088
.2992399135069398
.7109543174841015
1.095402638847629
.7425681443701602
2.5194037616870615
37692744177111074e-22
7.51903990779285
4.6446323908911
.33593885118260275
.5775089814996527
.20530535953711143
1.0839892760629546
.34725353043966034
2.4343545776522157
.6368305243367884
.05419744250706606
.026836254329186626
.7057982724796967
1.271222394893174
.5670634069287779
3.0809142233804407
1.4448545729613997
1.050996739851189
.018826453597999178
.26432247791218844
.6322904141145098
.4757646294979806
.8229975496730436
1.2557270773777967
.4185610850734638
2.6461105074532214
.022407644617308983
1.0131502545360935
.21291179211597686
14264559959828506e-22
1.2700263927206061
.18114663378403412
.6873338051351203
4.019784337183728
.14552509310055484
.524929226454049
21559916943851403e-22
.3133526808095494
.04450158360714389
.3398676832250236
.9414326555930415
.3622957612539373
.2793857072372569
4.956732245705194
.7570113679894972
.045979071448686765
.2006645883087102
.02047564674538498
.3153531618573047
8.44299890335314
.030849180566339056
1.8942224056020858
1.3495387830383614
.24370205503221146
.4001022898080802
10120863191839324e-22
.19559656782684617
7.076800179533675
.573608356873919
3.394110146567308
.9098774164291815
44.21773726842822
2.9252198781386776
2.014271099183958
7.1695219162783035
.8366895066013486
.5374924949792009
17049751513565976e-22
.033175636757959544
.0882564374826014
.30281755602206667
5.5195466736877545
1.1769730992084155
2.6966308697712256
.635673532932458
.05031029828511948
.7930748035206382
2.1497981265338426
.06981680721252037
.4043654035085075
.14438982302875855
3.857271379095515
.021916886566228058
7.858411367274368
1.2159332164653858
2.319327707392455
.9411305091653643
3.1329920272082576
.20502470681425985
.558577239498046
1.5630916169932272
2.517871970981909
4.809446331205414
.3393322257335872
.45266474608277724
.15269247654982984
.7631068036832969
.14883085196316612
.2748340006752364
.07938669186375955
.017717169054917038
.608719575897842
.035844319526398036
.9426713512029207
2.239174093268284
.49115708802127256
1.4903735540683167
1.162630176569611
.13485054635576468
1.8336743105717757
.11174996403452017
4.856290988275599
5.436071559014099
10.189196512754634
.051816807065456966
.11620491185472596
.20221706919569934
2.3713056152187657
.5234798033045001
.4175550366962282
.06815277097595526
.00922397600889243
.23224448053554342
.6195128759205653
.36637280094629343
3.562481614677013
1.3561259764226692
2.218676090295874
.5292538160140906
1416489047867593e-21
25793775990733814e-22
2.5893564296601284
1.6296733879506462
4.172281887737781
11542496258627766e-22
.9902319210982513
.1551531048956902
1231406028054177e-21
.12520914356706142
1.3021632891475865
2.2326146860559235
15696314407136482e-22
.44234497935056405
1.0220699774909838
1.2215108377546682
.974621499689121
.08449148129142736
.08397540313850933
.9109923184258514
1.432216144085044
.03885951867492811
3.188764680351229
2.0499002449059067
2.5044173969692265
1.292687140719332
.8261106314195106
3.849689664717801
1.237712364932649
1.3910037989019048
.0009618333214512667
1.3726765188488055
.10715289432075843
.9050017396361929
.18291793558204159
.10420155683894236
.021190781753577182
.14945624527137322
.8331911071297187
1.3952002501894427
1103919119974664e-21
1.1890901527123368
2.9741879047722035
1.5025061366452692
.18282518969930955
.6629098407879476
3.329943593752261
9.069591618948834
.37353595324698285
.2656776713411584
.5931574775112607
1.0005746183163586
.44412271538842946
10488968941505177e-22
.23834582007120705
2.945350474003405
.19339822463824402
.10756438899174516
.5353019979356763
.13625697980794033
2.6584283685888837
.3942139436336768
2.10530363435972
.8085499068949584
2.225391611370282
.3924409935564559
1.789235152532447
1.2674662254794755
15842715480700756e-22
13574383061899962e-22
2.3706501783693064
.014587917041767075
1.9744452613893948
.23709488779471843
.830023158073045
1.3663388096996767
.14682684028007367
.23775174174513453
3.7218377777331435
.9201769204010711
4.262229077508976
.052933165450894076
12507412152015062e-22
.13100881320867708
.12786995723831443
1.2463275688504563
.48091632291233344
.03828608473861166
2029172376095981e-21
1.012278317504075
.266941885320311
.7459602108720653
1.0001076072759785
4.257252112014609
.05055607046450411
2.1560202372893014
16.68507989009145
1898996177328564e-21
.5265518930903892
3.239960374037102
.1666083881285038
.07368938176006908
2.232595636000134
1.3730339244337846
2.2041100980249024
.38079828818755074
2.2953338715896243
1.0501668706109057
.8339022404775546
1.614925930185311
14.819279054022362
2.620071522477537
1.5612641811922803
1.5176301976598092
1.688687403954234
.49125248316282033
.49424509881414447
.3471356350133405
.9938064524853922
1.322332584217126
1.213227288189028
5.147044287103914
.5909206697268011
1.9197116858191268
.003715232788512605
.5836023504472204
5.6941728189505785
.24582023119776455
11217458299383438e-22
.17065009791814867
1.2647131986048765
3.913796305843541
.009100101001400435
.12130682466321277
.07339720457173603
.24427234769561906
.06478284717812301
18521424306361802e-22
.5915825305749973
1.7763934853224843
1.6387544512592915
13.341124385932794
.9459624197501535
.0009564339145680348
.3146924596259702
.7669438027689195
.06339539982030236
.8268236140834956
1.8664327743095683
.4204853707020859
14382599704618872e-22
.6379373144476708
1.5715360285718223
.07092343521344244
.20475206542718902
12463721516567147e-22
.5843983319194168
.158440216350212
7.435057769848606
13710605179751847e-22
.1467418640319037
.31058917881297554
18408855632737726e-22
1.3659255308365479
6.485856223603684
.2846105369168029
.17051641343648546
2.8517893174148625
.2578652035039585
.21908423760968387
.33814557861665046
.4956690998033427
.6613089737456266
1981840112723512e-21
10868850892061735e-22
.022876597034872614
.15243953225739756
.09873468539205398
1.4719517163293085
.12012333224966514
1.1702047956711186
.7622241786949672
13253413757652158e-22
.15700675831120445
.08717504038838245
1.454912567525727
.670571787660339
.7617695471781474
.5346224624380886
1.1002424962255044
.18868178366473443
.5595233703567006
1.283886556914695
.1796652943878826
6.297531883024683
.2548104202180897
.5429419132826846
2.769192222787648
.23439983055037306
.024428009641165652
1.533538839422544
10961645207163748e-22
18074997558729142e-22
.007625150222280965
23187907224734247e-22
2.3571262217798643
1.5872182132339427
.37107134756840887
.4525983227813277
1.1124141794867923
.22617503756847282
.9009919957296244
.03912381996063705
.08986955101107372
1.3462097476565364
2.258121760175566
.04884659088450947
1.5151391714751368
1.1573197489031661
.9718580553337555
.6648691963751819
11219239477188986e-22
.6984135529309845
3.2476765822585523
1.0205496921825081
.12568304983911913
.11499600229583279
.3735481178131618
.1149317549081331
.00919876616416142
6.548738955100651
.10893206810387758
.7209375431430138
.04483099706766183
1.7436817946204495
.14675761146331323
.19375799359484108
.1875295943802386
1.2345487599759182
.8050490691263594
2.017368197607568
1.6850940646322592
1.1124687059953442
.2148806645240434
11643709924615546e-22
1.319997042057356
2.0942362525512794
14916449930407439e-22
.21751157416904499
.6377214998767379
1.2927253812085515
.22063142541477676
.7778242373765399
11.274682447290301
1106780780628216e-21
1.4236644290984417
.11246897164465078
1661243266822015e-21
1.775138115342712
.7359681399306328
2910355755501302e-21
.20738410576697353
.36425541680020396
3.235518851845672
.484735710344577
.46589296472532793
3.0099341360590968
.35358394403785415
5.149069642812498
.293774959455974
.17661270166514959
.43166689369204403
2.9142031087628313
.054567607458849275
2.5289080324368802
.21401816597011986
3.471570342775564
2.066184253418669
.40551177415469253
1.4669761306763034
1.4836135931651397
10.268990454406978
6.061663842952661
.0639856331436368
1.3485578283667774
.6838405208434252
.14342431192030355
.32719417837291415
.8007681773487157
.07092876224557361
1.8477913932492864
.22791457546779328
2.33371017964979
.30339967142273316
.19171383340979198
.15062612013533538
2.700603135957624
.5090390029020784
2.005731038267365
.19856143483438368
3.254012057551497
.13211348562559103
.8778876374608361
.042515844779012206
.19797540440636696
.24266032591227238
2.984890315009931
.41362605141810127
.16382070567733084
1.0410140795976195
.1599282219264235
11.000340119013648
1.3901338262725411
.16091802640386868
1.8627792462543837
.099480507344346
1.6579705885397626
.43196389257068735
2.6467651989492085
.5959406543803315
.6478124852412156
.03807498163974062
.07542232164392165
.36536844192726825
3.4533160131657055
.04894839976793164
11735424175036376e-22
4.3451570704022
1.693393090827528
.9279829818615075
2.386464792708715
.1363113596508624
.06702113823205105
2.5244710528763177
2.750334191627394
1.3450047009919586
.0995092889247235
.584957003410263
65.24880301179327
.15415250685602144
.44540283540776066
.19888265555441126
.6330815314070158
.043354564567455595
1.3322642457720204
1.2939304929831739
.004058501070392592
.9979058598260987
1.1236327322239654
.12290974160754961
3.3126672235251298
.25678403160698055
.40857433617244454
.8611610100686886
1.6073366469564236
.022199698203379192
16.052794192863406
.46877898228312465
.7993165879711938
.08455405430289296
5098565937053107e-21
.5544617826236563
2.4171436218829268
2.603039346607029
31.494343652137864
.23974430542335107
3.756135779156668
1.6416326108352814
2.041885636695391
.1403775320495879
2.5653458074076347
.9119282380599187
5.118850750050384
.3478370411238477
7.468360858425267
.06609600368184103
11.845999365381864
2.3185235715840293
4.707739166251443
.22321747843129874
1.0684805819046834
.24758901155023327
1.7612958502887917
.30371038858393656
.9155401613164329
.9943338266334202
4.140825867190566
.05769567243473675
1.3516054639918955
.37452015316561527
1.9697285886941003
2.132342528520616
.7165007869268756
.05144296361537864
5.801441241480184
.07395028144135686
.4152889767965187
1.6371485280335771
7.09688102946725
.882515677416015
3.415781524181949
.11729116438608206
2.188946023585724
.11704096970233537
.56653965230988
.5843444656486401
.20167463060659152
.10435464423585589
.30119381392462313
1.0914644204726711
.7108963949408907
.03375134811608925
.9536432723690162
.0942263973863604
.017169863788375334
.2180355081036459
.09561636628891595
11232165512087097e-22
.08258140088671642
2.793715457523584
.5573563828448794
.19599351218328037
5.6514609969690515
.6412061710101586
.42315829501255386
.23967828412441627
.2511488858208354
2.756251788106497
.10374353981854174
2.360511408274147
.10029545911338836
.026871477869893193
10771844262148167e-22
.06940903034773578
1031997500588366e-21
.03588437091566469
.6338862431492474
1.0686933806579755
6317266277371867e-21
1759957891153703e-21
2.519646017554355
.1260691035104026
.20379291380455833
.15051667308718425
5.855421587406035
.31698065390223934
.8624838252940208
.18094910399070305
.9934920118191105
1.330541658209555
.9652173800293123
1.1310412003140184
.5074947992012074
.14030504193690504
.4325278491936894
3.8083638972833977
.16815765067430632
1.1498753629245555
1.0349831948110753
3.088625552074863
9.49645431743097
1.1841919487005028
.01832458994211136
.04171108442424709
1.5444730927894883
.060711800602677474
.2437362551080217
9.757962554443214
4.698251576639729
.9876063792307794
.013537956831560914
.5401580049785825
1.126930553351424
.055350476114196266
.49358246601889355
6.526611752012327
.8665308835754598
1.1753466157847103
4.459638762559827
.9053258277774924
2.01092824860618
2.4711736907626474
.4768749869161485
.13435827769509448
.8221337788639265
.24726122975676917
.5254377316547816
.5529487126067781
.5530994631582196
.017529475911983155
10.17771683899548
12811269287421677e-22
3.636224046648108
1.5503228811039924
.5753709091512036
3.4959583988119487
1.6887165093620993
.4193956051383169
.03562549544109867
.9915507532156977
1.4883040706778699
.2285137369074227
.7407754476883923
.6345300053180659
2226953576870522e-21
