1.9270443604787568
.5682280340371308
.059130867331497805
1131665074003399e-21
.1236645223547158
1526494136285142e-21
.11676412323890652
1.1624348986153243
.08448342354865573
.2764608748105949
.03170619747457624
.031194557545362083
.12485340114940158
.753374404777078
.11126892804761945
.06504026548110177
1.2475623123999091
.8944990881404359
.35320916879627207
.014099881348531672
.29160391823265625
1.8794236296278257
.30158681605416215
.39803553900723093
.9216570447920934
1.0905779242106048
.08732221460260217
.05012679748804497
.11825548732884364
.21401996275452884
.1103533327094751
.1338062318656142
2.4876309879565714
.008867260553084056
.06358935088650085
1.4649659245224278
.006283145667566634
.02375873060511815
.05796217469601762
.14609053398600064
.002341632163322018
.053092701557303904
.04347043698412854
.005788445735006366
10157212150072799e-22
.023287419288616603
.04308871121607194
.042212218635456614
.009549115977125343
.00329237218101065
.3566939223988753
.004598955673643688
.004986712985799418
.10630279167137412
.06015126975890801
11598597711951549e-22
.0030163192957259966
.11959515521194584
.046293269410891416
.026940949373354197
.010476926248404177
.005173460315189043
11185547684028804e-22
.02265627892423079
.21060211975822954
.0017247093558926097
.06286506429087904
.05825578310384239
.42930425050364396
.010527734275510259
.26103463033953184
.032108483450406136
29399231125899017e-22
7492964712231197e-21
10600877094130334e-22
1649367157559091e-21
25417863463802274e-22
840667474213905e-20
14449752236714421e-22
975128763141865e-20
6988548549980031e-21
1086714911351053e-21
4293088260737676e-20
5904410358903288e-21
2334047389053448e-21
25691282852533676e-22
20780880312224545e-22
3946026906673521e-21
47665063012398534e-21
1203510096871446e-20
8.725722528568578
.34641771554973133
3.832270179500868
2.2384440326798547
1547942146952695e-21
.11510387001882252
.1924979114170237
.21472314432777892
.5951763351065621
.4151230299326303
7332386643986528e-21
8.469562893773675
1.9181447629711192
.30915905802386623
.7047255469266985
1.0472441957916838
.7236553665922324
2.69041456032909
37647530608225896e-22
8.469497916316119
4.295584729052199
.3401740352855667
.5302363245930172
.17819160386274688
1.051068585002053
.3762211035784964
2.925118467850654
.7272566267816789
.05206188679279722
.02743103106566233
.8597815322799663
1.3474087706024578
.5808355516638103
3.341988270221617
1.282163371084553
1.0862298861730073
.018968082462650266
.2087276869130877
.7128368391671713
.4919199198850942
.8367508412474706
1.3894369692306043
.465687759279148
2.892174338058645
.018967558780361844
1.0435502768764322
.21934121884179966
15489962009373882e-22
1.352828945354798
.22989774123016493
.7447102041009445
4.301640505936238
.1773641576286975
.6307235785363611
245039715173901e-20
.3300527997035104
.04719041296889738
.36015748506597384
1.0301045304002072
.38153311230759496
.28775705225621784
4.70307035807147
.9977721059220235
.04059110404130365
.21406606706215647
.021419390455055913
.4144118843774282
8.555593982059968
.024080872384846425
1.4470584440403502
1.4771159395849986
.19873741341819873
.4460010096894918
1005069637548273e-21
.1731998771684757
9.136366177463605
.5732455319069797
2.824100519252032
1.1227135523418983
40.88154282996637
2.6206295352429527
2.1009607494908433
6.5165817320430115
.5617499758258747
.5333501564048986
19461179172634984e-22
.02860369015567818
.08151267064557556
.3317864268006434
6.508859252745899
.811852923621462
2.8912132325248865
.8240624148401047
.0487255598203274
.7308052321776226
2.0978080804596697
.06711316301785435
.3428403956256558
.12168123602887637
4.483892095573737
.0230763887645618
8.961264519022329
1.4834244124248994
2.382146591305645
.9577523460608448
2.709216552034606
.222240253494331
.567865129693127
1.5737990892856746
2.4088911188003697
4.810361216458463
.4181625863883278
.38314416510199345
.1710613541460551
.7418434360623759
.12941364116855833
.2603017860527309
.07608634126149344
.020615897883001583
.5811847863616395
.024874455407330465
.7692875201753504
2.1700988360241755
.5415263141519403
1.2322635742012948
.9828880270306708
.15307506777972346
1.9404168045904187
.12010211564829541
4.398892597686771
6.005911008446758
10.671198193571307
.06731909826929017
.13153890192504852
.1992326179654591
2.5215087550288295
.5323252678502746
.4332617727661288
.06890609978233028
.008563594318856012
.21047240529200653
.6681591409856131
.4561380887499744
3.2846309712318007
1.598718316602889
1.8532008528803015
.5109263259625801
1534946544656339e-21
23657404892920395e-22
2.889546433758347
1.7627561233368154
4.307778075279089
1046694575783654e-21
1.1200398646612033
.20727277094093063
12059383578235586e-22
.16033888866224524
1.30661808115854
1.7708107961712356
16420480752605517e-22
.40652964322633495
1.1798532867777687
1.2681202102514921
1.1209427887113297
.08898782756798192
.0647862622124711
.9883117023028061
1.4617414100119202
.03111436198612957
3.1836008341736663
2.2835533042254323
2.0891910978563084
1.132480582637887
.6303655246529373
3.5485094838346343
1.193686000927039
1.1781159565998962
.0009476256702828204
1.5780679077681155
.10074943480984482
.8659673870329568
.16806239071665452
.10247670497860731
.02328745332563109
.16377802691251384
.8114571053197446
1.1651270103510898
10326232728705119e-22
1.1407014570672032
2.141357429608755
1.5618060008326549
.13701097323248196
.7479604153977416
3.2437320346828575
10.053210002016382
.5104323165640546
.23415164396805604
.5385020798012736
.9930658384379253
.4515115021659025
1336371119707032e-21
.2253328602093222
2.7671234771356157
.19895523694448908
.10919848658134239
.3477555027205917
.1388124928165366
2.940093334121914
.48931314485472427
2.2822427050467002
.9188470024792061
1.8057878895495523
.4722937677737591
1.7847385535828773
1.2665092828945375
16460826666725886e-22
12493435110774108e-22
3.0395477760875393
.012102232645441274
1.6713892604280653
.2764369547955581
.815000870074308
1.7282202436567784
.1559015360281857
.23202723721890486
4.074652912068999
1.0112009695126403
4.005725067678657
.05222646382714013
11089692289091506e-22
.13178272413663844
.14474383666218976
1.1558446591550466
.4475788826134223
.037135475311490605
13966779080783914e-22
.8209903210095802
.2665579403936111
.7022624868526952
1.0510519511094105
3.9100354670086404
.03526943961716991
2.2757798576975947
14.516741532160182
15702383201374907e-22
.48831539775232813
2.739694190055236
.16471796153091636
.07109140981637002
2.802635447853228
1.1549855842961805
2.2349853144121354
.38924579488328054
1.9555296486958957
1.0803635673841863
.7428678087037698
1.5535694844376071
21.146058801979102
2.0738382912984195
1.076356125777265
1.6025231245758143
1.733887557705128
.41328409001470806
.5738533423885499
.32853815546101484
.8240628475092051
1.7396900093305843
1.2809480555823325
4.327496198742086
.49544617968856164
1.769975598317541
.0037705102625081935
.4940349198196422
5.123653158979228
.23074489557676336
10584260070770644e-22
.17269982991579494
1.0902270854256209
3.692203144062358
.008440281220453993
.12921837738653338
.08296075333997437
.20609704626211822
.06564344962279375
19173592236441796e-22
.4353739804354172
1.566708173527402
1.2870804944403949
14.321799514580512
.7994312818317729
.0009780153670612718
.32809159985249225
.6998101145443665
.07868720335986831
.8623705539463201
2.011987797324947
.3310108332963212
13962136975282622e-22
.5548574208687057
1.3713323016227636
.060165125860329946
.16537918765344828
1088737324195782e-21
.5609558263642784
.11527679446198157
7.55054740695979
1208168277554357e-21
.14564173583705622
.33749144989960594
21793988388850224e-22
1.3238726137761996
6.970565470371196
.2994930766461486
.1463947042275445
3.028169614465421
.36215894631240725
.273619883297987
.3181663914781809
.5548289878239883
.7007142018974171
17085088932580067e-22
14256022701346257e-22
.026326535645946267
.17041873265130814
.09009607625048861
1.603723918431343
.1392436613309082
1.0121818752281686
.9062636483328681
14331384330882086e-22
.15905603240954774
.09859887445857811
1.533587250916537
.6813942064186301
.7607848192431463
.4774162211872919
1.0247459714215412
.19248948905162352
.4430350709445827
1.2515582823365177
.2059007627014207
7.639318605829668
.22908733990642086
.5598056907434752
3.163547112958167
.20556584194479413
.021391949380657353
1.5832447640771805
113126925444876e-20
15324817207073726e-22
.007955507194426113
26486478660121678e-22
2.296233635263287
1.630851854249164
.37610595433422805
.46900276444095507
1.2559651137885481
.22530246214678143
.8671603624761415
.05066659611363869
.10194283654396025
1.4674791640004083
2.205744196036715
.049608763421988306
1.5369057274757731
1.117928679696748
1.1336744510002945
.6469199541365337
1539787677761797e-21
.6480178629686012
3.935743544236046
.9137034662159876
.11972780921486043
.1291141008152719
.33415633234909803
.1343621628199728
.007480563864132934
7.58543263901831
.10569679363387752
.8161061434435275
.048618126019023364
2.0990370911300587
.1279372414812291
.19065090509048252
.13735442106590479
1.2497192428839126
.8254296531654687
1.6914940440185027
1.3091509295948642
.980380117569282
.23804842440014518
10033316275086251e-22
1.244815894889203
1.7022093002207055
13678703962291684e-22
.19318460076706195
.5437916065826867
1.349552576597308
.1833158290531101
.7242209418236536
12.759895354336926
1009582355275515e-21
1.5477459482467015
.10145423369205954
12580284818659492e-22
1.4688658612658712
.6921386877752924
2941549082037142e-21
.15409171642964992
.345186764455015
3.3921189740710096
.5058677659315574
.5071122445744906
2.491763465938369
.35492251517938356
5.515151766532013
.2903536877993752
.1790319730664488
.5124403265773751
2.9006310458398468
.06439219211131567
2.30677436084997
.27385786201178264
3.549542865888965
2.016131191032331
.4328924195643238
1.3373278041559782
1.1258556727652413
10.481892489129711
5.033709138886966
.062093705934682726
1.5221829249142964
.8713763400224794
.16320799397208524
.2788149384139158
.8060324920666151
.06704779142018687
1.8213783163814523
.21404547043285102
2.3398656192734446
.35309362719288634
.15421046675910094
.1511886676365634
2.8598280450972697
.5096813716115021
1.6851096369964906
.17335776887652776
3.2903663933092195
.13422972198691693
.8105890296531767
.04695803567303401
.22169212183268414
.22531601680243546
2.726567737952111
.45695862924694564
.15333455158311962
1.088280904845106
.14940124607169925
8.794397897949002
1.5270092442462087
.15279235363342306
1.6743232123261296
.090713072750614
2.062340971284214
.405975746135168
2.287902511248167
.687087957548378
.7044267074862758
.03272204161213583
.08270164993552732
.3955213444613535
3.9552864895986537
.041423968696568156
1052437683503499e-21
5.552863150516044
1.4207214160280426
.9323212171417068
2.4029264831423265
.12473846522178966
.07989149580679165
2.5291267929252252
2.8807023687118027
1.3310898266040128
.12212546074562171
.5665815141737524
76.58066549194315
.15851874783469685
.41951269042871175
.1449125075756509
.512082780187382
.05047021606643786
1.5083936720224502
1.3926144812750183
.003242654981924841
.9645435777813861
.8417655372465178
.11976680305589481
3.12932962372941
.23060077969383294
.38614732257069845
.7999090945087838
1.8598831789042902
.02316668778997576
14.269081849228078
.467531917498416
.703263365748086
.10711761513059531
4908196403006352e-21
.5211540850591326
2.936781768802285
2.388901086292284
33.525748821533206
.2279995501998897
3.734216408302037
1.7929471129375734
2.386913415581659
.14295857388613994
3.110669770038842
.8137677692290772
4.929926035379269
.4102693619259382
7.166424428170181
.08186100625036322
13.10812266041425
2.3049905971905322
3.492749789581045
.22901201286780296
.994510902411977
.30804984822689135
1.427031781980103
.28527910120142513
.88834568048859
.9393958708765703
4.357318313740118
.06246683506923681
1.4192042257426714
.34513251142584034
1.7444211209768585
2.1473528913919893
.890186930878355
.05889570255836872
5.549024452419025
.08394044925649011
.40947458581498813
1.8928450288147265
6.452125513627257
.8808983447847449
3.1410382318120393
.1219170681571855
2.794715008307553
.07701945200285756
.576140106601297
.6496173488862739
.19848807255118808
.10817525182771777
.28881591237555576
.9997153658941594
.7022265733019123
.028308393828503843
.8111314437111617
.07435354469445556
.0169340092310877
.20799081699331662
.07673352267902137
11354807853990648e-22
.09013256815297309
3.080352599071744
.5551267902964988
.1876166148758955
4.847469436349669
.6192711994336871
.3346924389007912
.20873856214628594
.24819754727264712
2.5067606976977586
.09873612183705593
2.165420378992173
.08946426455116564
.0259954615485027
11130701163188825e-22
.0651241855681138
1054621392083326e-21
.03588736040012678
.6624225878080643
1.1300237854159345
5844174485301019e-21
19495235229881915e-22
2.3704891067876916
.11581002900478399
.1856752783926207
.17310941042257139
6.624438737418973
.36310988316960346
.8951573858498082
.21837234379700202
.9210537552957644
1.4022917742219083
1.0463778074442678
.812825313987181
.44121755300996296
.12484609066609811
.5981078997724946
3.1077835767149815
.13871355203709326
1.1856007308668823
.9778088921213529
2.9977133461298435
10.565595384678337
1.104662520578834
.015048896640902115
.03246531823513397
1.4247529501931362
.05616807221736972
.24602397535792822
9.043827870281513
4.384118470790201
.9684862234437449
.010145386241716672
.46881644121759686
1.1885530650774039
.05290556312437542
.41852664524727856
6.532554510345509
1.0110964206761923
1.124781106186355
3.821020903808719
.7869793100538159
1.558401892309166
2.543308081756411
.5159621285886651
.12269631596990045
.6927037738421344
.23774778035519326
.41244933202831174
.6059636493834882
.45590976011151074
.01548793655605634
10.537381375766994
12301557228215745e-22
3.470717704258169
1.5537403247076171
.4962567811290591
3.4622721068377076
1.7318544937592624
.46501971038924356
.029194914911045595
.9055005774523273
1.5389596432198678
.21781226649543742
.7904771473695128
.6838372864208558
18266059270923643e-22
