 0.00000000e+00 1.00000000e+00 4.00000000e-02 0.00000000e+00 3.20000000e+01
 2.40000000e+01 1.06000000e+00 3.40000000e-01 1.00000000e+00 3.20000000e+01
 4.80000000e+01 1.84000000e+00 8.60000000e-01 1.00000000e+00 3.20000000e+01
 7.20000000e+01 2.01000000e+00 1.13000000e+00 1.00000000e+00 3.20000000e+01
 2.40000000e+01 8.60000000e-01 2.70000000e-01 2.00000000e+00 3.20000000e+01
 4.80000000e+01 4.74000000e+00 1.61000000e+00 2.00000000e+00 3.20000000e+01
 7.20000000e+01 4.01000000e+00 1.53000000e+00 2.00000000e+00 3.20000000e+01
 2.40000000e+01 9.50000000e-01 3.10000000e-01 3.00000000e+00 3.20000000e+01
 4.80000000e+01 6.28000000e+00 2.11000000e+00 3.00000000e+00 3.20000000e+01
 7.20000000e+01 5.12000000e+00 1.99000000e+00 3.00000000e+00 3.20000000e+01
