 0.00000000e+00 1.00000000e+00 3.00000000e-02 0.00000000e+00 3.00000000e+01
 2.40000000e+01 1.65200000e+01 3.45000000e+00 1.00000000e+00 3.00000000e+01
 4.80000000e+01 1.48200000e+01 3.45000000e+00 1.00000000e+00 3.00000000e+01
 7.20000000e+01 1.85000000e+01 1.76000000e+00 1.00000000e+00 3.00000000e+01
 2.40000000e+01 1.87200000e+01 1.47000000e+00 2.00000000e+00 3.00000000e+01
 4.80000000e+01 1.75200000e+01 2.88000000e+00 2.00000000e+00 3.00000000e+01
 7.20000000e+01 1.95200000e+01 6.80000000e-01 2.00000000e+00 3.00000000e+01
 2.40000000e+01 1.90400000e+01 1.77000000e+00 3.00000000e+00 3.00000000e+01
 4.80000000e+01 1.78100000e+01 3.72000000e+00 3.00000000e+00 3.00000000e+01
 7.20000000e+01 1.86900000e+01 2.58000000e+00 3.00000000e+00 3.00000000e+01
