 0.00000000e+00 1.00000000e+00 4.00000000e-02 0.00000000e+00 3.10000000e+01
 2.40000000e+01 1.36000000e+00 5.30000000e-01 1.00000000e+00 3.10000000e+01
 4.80000000e+01 4.38000000e+00 2.11000000e+00 1.00000000e+00 3.10000000e+01
 7.20000000e+01 6.58000000e+00 2.49000000e+00 1.00000000e+00 3.10000000e+01
 2.40000000e+01 1.29000000e+00 5.50000000e-01 2.00000000e+00 3.10000000e+01
 4.80000000e+01 7.69000000e+00 2.73000000e+00 2.00000000e+00 3.10000000e+01
 7.20000000e+01 1.14200000e+01 2.19000000e+00 2.00000000e+00 3.10000000e+01
 2.40000000e+01 1.97000000e+00 8.40000000e-01 3.00000000e+00 3.10000000e+01
 4.80000000e+01 1.01600000e+01 3.54000000e+00 3.00000000e+00 3.10000000e+01
 7.20000000e+01 1.30200000e+01 3.05000000e+00 3.00000000e+00 3.10000000e+01
