.1506489662058444
3.224215012814943
.0496168166729059
.22893065537290053
.11676037646260784
2514705804643528e-21
.0926810839966297
1.0097256219232074
1.875220612147133
3.1608758007821276
.03813370779418141
.21427115529145296
.022783586685984146
.10881255854301737
.02100549278694269
.31464337140452764
.05362904497418966
1.096975610142594
.2337683555999716
.07428264458637035
.09725301039176928
.6397925026367495
.03731886456292864
.16890062336698825
.03134920526580892
.6923184758943262
.025646888970086164
9777322920225388e-20
.004373065357193094
.06205273629887796
.042100676502778406
.009720912534085127
.42362557934543227
.49090402072183614
.05933856743576078
3.5109418268811563
11701793519906785e-22
.10219116540910256
.10253004531002016
1.1378589838830093
.004210958205483884
.008313236217845311
.02019066165405254
.010370864470054869
1026851622528295e-21
.13538899860915227
.010909365997964271
.11049607419672104
.03816903392808818
.0199503339946651
.3628566632955296
.0036160689487900475
.00024018303558077865
.016879729269240296
.08413897225091564
15088055603926507e-22
.009218129695198016
.06362252427155077
.0019477988305170771
.02893070356297264
.005811038545617765
.027285872124521698
.0008161881493257599
.07710019418919689
.015444444691890526
.002803408205862478
15748812194023581e-22
.05307270104031443
.34798951107505305
.013017889571335406
.009964616548429693
.005537216177116802
13682564998456569e-22
18028603173948536e-21
12767837262331831e-22
8377137993141653e-21
7800287000676029e-21
24673369964594773e-22
609824798407333e-20
11934296118661992e-22
4167743077428342e-21
20734244851238385e-22
16964429032235933e-22
18657481302872328e-22
21535919775499353e-22
11512424378257593e-22
16023318406469328e-21
1444546832929646e-21
10478432728710247e-22
3204377414108285e-21
1.7776978191901138
1.2234475518712118
.03690448185464925
1.0473340076718873
.0031807026701209063
.8876044912905097
.2527822899366185
1.23084138521709
.8429448424207123
.013137616576137535
.1655379990184914
17319729700311076e-22
.010138496433342118
.0328786774277413
.33620788988359535
1.0606074777543963
.15450603903471144
2.51861178065359
2.3454746450015307
1.1190732130122398
.1275239208686141
.4947652605647832
.03532191910497569
10.953227554794708
.3212708279950747
5.347097050882185
.31913970629589283
12481955501931478e-22
14747201433645972e-22
19500098170214154e-22
.24471122098374457
6.152865011665761
.123782424642932
2.9797097634164866
.10199475245225134
2.3514132947823354
1.2767701269459864
8.370845153823396
.2104227480211419
.35027044186504463
3.6261452580563915
.2932468841734248
.20499798092565205
2.450527022369821
.2660017257048657
.3752766333505955
.15800629292398696
.5332137870740357
1.2564135990675716
3.6012029474794245
1.4670719557252658
1.9722372357430973
.0878216168438627
.39439213641447823
.19831121349540806
1.1945256651116027
.6046744692893566
.4174630324955497
.49209376189598186
2.7064244739571715
.1385455112549264
4.708359126528673
1.6262609514993276
.04135337958685361
.3069298690577369
.8132700687074264
.32140535898748446
.04057573272967773
32362382255205544e-22
75.47574396336543
1.1502204947459276
.5401757473145563
.19532457270123937
1044229815129946e-21
.1654282498655813
5.446077040579367
.06638442479929517
.01826535971459881
1.1020731670594464
8.972171248251858
.051418922392944495
.2191850137571823
.0840648770228726
.5232842754364977
3.177683956041694
.5893655775107558
.4567048085539178
26991248628117196e-22
.04177323422910562
.26698094504095177
.255980615156732
10.65404800234362
.3707834921110225
.7096771180789385
1.1777310760730424
1.7691149599591007
.14603294642559211
1.3802449918488142
.05709392328621301
1.271336919440228
.020523305854973244
5.437908872740197
.7248909989462032
.0976953763349492
2.419922146247794
10067206135041144e-22
28.233533806592014
.9557627816023566
3.358995440905042
.09653902713891141
.17210157972011814
.08074057411675148
.4778156458100511
.8287879346602188
.043305689752253025
1.1143066624445086
.7104942038342625
.8389973586916785
.09070426706688144
.6339594077175509
.624173808084708
2.082207194696448
.13550757135427768
2.7370604736129507
1.2089765006926507
.05965305860886548
.05268546281802164
.13136519804466168
.0907927117265397
6.399545607110815
1.3337679508578175
2.0056136031479856
.32116533684629783
.061719033467095105
4.669226082818886
24.106106631973397
.9998856037514403
.7874714128240798
.0060803049792260136
.23624459571729345
.22191809314421732
.33772400120539064
.8812550445057942
4.5932901559074475
.11499510594010483
2.5029189751558185
.08793837276639781
2.039863265329766
.010351703799125343
.28805243739179553
.19311087620225117
4.025896270762187
.4067138439027068
.07465031008820885
1.2965284959119907
.9040925604144413
.3230468700590573
.043703959363045976
.08945349812142167
35637621230014264e-22
.7556164342600808
.2585905962086142
.7971509792629785
.013378736297877938
.6085215827938648
3.092123801897752
.805310447956974
.4259877087025393
1.3746589593504335
.17463224967017435
.14147277848247497
1.09971602724685
.26071406774555034
1.1245415999898365
1.2946022852952002
.35415411994997315
.17742759301337876
.2972687463210045
.20679686660452573
3.060589875675246
3.5929742283327175
.24921962813926773
.13672152528727458
.6729403148163612
.009920553694784392
1.1715840464080733
1.7222098565458885
15829294214124259e-22
.10233797070158779
1.459815172194099
7.842952368694869
.019042295153665723
.5959392820918454
.23183070530018854
.6935559381756442
2.014157930141763
3.327737626175176
2.875773120016926
1.7505128005545794
1.5529766518943773
1869528819157488e-21
.27066568700362215
.07324760216219073
1.5299050553690299
.012556233512948484
9.780711143816713
.08242572195000353
1.3057852388640931
.4589969194969558
.21548593140474154
.21909164048266552
.5038114479336571
.41032479621148177
1.903281027403426
.5994595478656136
1.455982003705988
.018043254407803157
3.3220791208455225
.33531575800612246
.6414974319925519
.03983727445544805
.3500129210000744
.12818339132409753
.6663685161319215
.008757298384334493
.8524520153972551
1.7584231032407478
.24587263095007472
.7252018586548754
.003175035443309741
.019128222636599305
3.6437039737791044
.36418395659103026
.1564070366649727
6.672532075216432
2058179985825226e-21
.04486763643810908
4.6690471824353645
.366403748477038
.033170408706653165
4.411638225933023
.2924174040538439
1.0016012403404153
3.1741832790004083
.06118067645687664
.33215012748654715
.045631976293279086
11339068845021769e-22
.8628723649969401
3.8420840559279332
7.214875397134627
.27465737766880527
2.648529720178582
1.1663711562544188
5.853463122518994
.8969103022581666
.3746941867036461
1.1968845926386884
.3622055632684438
4.900484190304772
.08213083854263217
.07368926445217155
.006573732310054722
6.81189119258911
1.361367469363476
1.0634522885366393
.05699404288043842
2400107041809254e-21
.3360326232759237
.10935865510407607
.36534826747703675
.053903505770198014
.01885097669536338
2.676120150929422
.18770369330125009
8461843130480735e-21
15528129874013928e-22
12309796164118415e-21
11160225284724879e-22
.25001899884820805
.37759048177921817
.019373226400337538
1.1971559875762288
.027749694980564357
.4367900035712188
1.7035340393121312
1.1579407027616826
1.2061140993557784
.3100099492210933
1.1184626415914722
.023850325545981883
62.705386575456835
23.187239038256628
.11070137922076011
.05334750029332001
.5254415781935398
3.8772937196390806
16985450350226987e-22
1.1326211160949045
.3709030401185273
1.4506527825177815
4.899547063017803
.0006887154622326836
.28973259103941973
.013170076079552293
.2567979190786856
3.4829525936761203
.307771011297878
1.6992726087367205
.020304888555924053
1.8936714629531846
2.3169019288187114
.8170173899190509
37.03833958772161
5.924098684710962
.4117737745579454
.4791706217254145
.3336373689792484
.8726519173930276
3.941387232896589
13358630203676865e-22
1663245302717539e-21
.16681461874756479
.2893374029150211
1.0293477812309901
.8874963846080606
.16156701301725795
.8734212481239214
.014448492447343773
.10294683599078619
.018650692310025224
.9695068563448767
.9135963162036418
35.73445181514587
.48655128965856564
14.914469147919831
.0037361274200512296
.2767232631902426
.6971034107989472
16.284450306524555
.1930182463738399
.5254446533294704
.17779573496807471
.48146100112776585
1.4736509998628997
2.9119841400776885
11267587126533952e-22
.3890800842426815
.03462333117396331
11640934122705394e-22
.00029067859038884924
13.006864322095074
1.487501207544789
.7213977913833882
.09377492676586388
.8847848943423066
.07577458855689438
.3733319450430247
.01722536589136912
2309032741058614e-21
4.579903302282129
.7453295307569234
.1198587787962095
5.090748422520967
.48621111272378453
.5361321618057134
.11857899304338243
.5537199959973178
.050755681451677505
1.877121080463007
1256545242651505e-21
1.3352021471266267
.30041029620298004
.0704554726717212
.443500424231035
55.43616393561878
4.4015531412077955
1.225181767672848
.19837380717221936
.6088007223381741
.22926565101913612
10.743464532279113
4.916216185505969
1.1500184881063458
.012542513605037456
.48219512697702993
.1629141788571063
3.171447826224975
.07625718978860335
.2348197569134428
.47155753065726214
10697744852288724e-21
.35121483167728085
.05420211411525556
.559277282517019
.6839342365877348
.3886353541644214
4.465863320671979
1.9713906237126242
.26710517820198587
8.082330368368025
11312076958144785e-21
.020417870598507082
.298494760254264
.9289958629896065
.15633506120601293
.4702749115084491
70.53059488228162
.43334464783556287
.02481157593273286
1.1367495565903114
2.3635988024267793
.06380997033494287
2.392562598515714
.0601175875582346
5.3199368665840145
.915393273768533
.08751442885287783
.8873295129828389
.12092117273728663
4.875647313449203
.38700141139898503
.7758949933625642
.14204476688929946
.9389311144982129
1.4494677982950939
.5260182086155729
.4146464072583725
7.0077228244357315
.7463669696242305
.020331966977463502
1.7298693490102905
6.74162303158785
2.3704920272480807
.01977424095441815
1.0671262620696162
.27057941186769374
.049020591650758324
.21148731883415
.7735098399517291
.04366788306815036
.19497560509402279
.33893684214307407
.23339932269669367
.7111365225169342
.25004804837775296
.35283379172212204
.4686630449272676
.2348244567791816
2.072926831206798
.2377314432377155
.45102007022045254
.38600939123509315
.9295163188369511
.09410472100327884
.0446363381898103
.506316838539927
.08868147302359819
.016996088333932617
.2519192279904416
4.240964828967844
.258897285374282
20214186640241114e-22
23.052094951929096
.24184758405053416
.2171507255285239
.12134898084483288
.09345749949914611
.024000688630241483
12913117271045034e-22
1.3943573717041011
.2545236011421888
.008484770482017468
.0018906972983220734
.11364928278238184
.9620916991167126
.2007286348617286
3.926350135942332
.0006899555852670848
.1257403742975874
.9502805790902882
.9068288626333377
.6742960384871792
15754899000911327e-22
.5571110722487176
.049888767887370185
.020966339589446666
.03850039158940825
.4441908160076896
8.838540922975929
.015578127801234222
2.578403139963354
.42940939554511326
.3550599527168993
.2343838867868534
.9428090438960084
11.8924224259167
.19629487888941868
.6191065213552599
1.8648359914049142
4.033410295752715
10789706355987831e-22
.04478797911678436
.16581055082777615
.12271912054933934
1.4913425306771428
.2969323330395999
14872040786309973e-22
2.9377436991025476
.1743099019393979
.0644948190219164
.22556525862243718
.33373396586269044
1.6112099592063345
.7350971802869004
.3321271772179524
.03663539642822149
1.7800430939080536
.13188423382457057
1.4688579617162454
.2405060902932138
3.9890085917041564
.620598707810877
2.3165799869069783
.8261824863456948
2.60740302320216
.22348466107127535
2376794423021959e-21
.6384100320835882
.7534307254779924
2.3896453145231384
2.8569301829190996
3.929534204911578
.35680768194907964
5.4679638455036566
6.446753288019293
.2890435109107945
.662918121626907
.0018107863594690056
.4512413759747274
.0914669969159327
10.092386208461978
.005891201178041025
.26926495028733327
4.7189721145862675
.8336181011960099
.28743707844609545
.000911295182504512
.45442558309480935
1.2360469293521277
.07998605790640462
.6837386111694985
.23541596282473545
.2575424948889386
.01791158574538988
1.617681297525628
.08098855490043824
.09342856055733756
.3961440829681147
.024638671247502505
.28149889757192936
.0810945029720076
.2538748363908116
2.2355433938200395
1120929964339302e-21
1.6978515494390043
2.097876938115256
.8108919890876242
.7364263766846101
.20220835679942556
.528672217065411
11951143850420816e-22
.6137678515442049
.005329551630859382
6.743269195713189
.06509944436937035
.15319455343228763
.4060052066565874
2.041712882522398
11945438715101632e-22
.16966480155754288
4.1681179125535825
.10203302209604395
.12430161235545722
.11086434776856768
11368109976009017e-22
.058428415263666975
.2171993692633963
.09382694000085944
.13116365331165641
1.1930776337372748
.06011382052704767
7.105034689948667
1.7207300120902516
.057708226338294914
2.265101658217073
.7519205147522696
.04328459951562168
.5055732626161185
.11767656711677527
.12893669507372735
.07987108546757413
.005755252878202245
1.8150611964394407
.37425098074494445
1.0232090736486497
.027457131714679006
.48956377439111837
13835037961889758e-22
2.8203733845737577
.42343767083116124
.7735700916120012
1.6625007905911755
2.766253208142968
.006333248030928008
1.5144659978715782
.057373628705580625
1.172790203632047
.37561352254672503
.27233752750774437
.0788282006326553
.8232436383216092
.1840166709482494
1.1309648778155335
.1961587936776221
.38329289705549213
.8401733229197998
.7314634715941372
.003916338271349301
.11591487453705276
.04058818213337955
1.2165509921859674
.2244179765201892
.1437949080546516
.1255469593863342
12522317789671265e-22
13748680893467744e-22
1.4523336215160074
11281877203660667e-22
.1812674942011662
.32373363818004736
.3176453259986819
.08699796445651177
.35275259416386573
.24736521190910027
.052488178320394235
.06332160210643047
1.9369895031400828
3.2653273181675075
.2958273650210585
.07440938261687663
.004378383580470354
