4.600517139531833
.2712060838489946
.2837954043009749
.9529008408661314
.28827442638693274
.007433645513031338
.07726530288794917
.5690683052356249
.1106726615430545
.21721650192416417
.07782776103443224
.03887006758650937
.3200468578024184
.1875712050004033
.192201936389359
.05930727947555728
1.8930035179876121
1.1827947467556172
.2574073541232386
.11764861457588671
.028541759292889938
.28555255947738367
.5006155315336049
.4651220323437873
1.507140909106063
.3109499858557129
.10007056742440487
.12513969495929456
.6610155401668065
.2176862939194452
.09486771607571153
2.2915610658579704
.06867391795909267
1.1086548073043523
.0371246227326842
1.6460453233650485
.03744951657282987
.09218287029988399
.05385920148749623
.014728831794123909
.051421597026251056
.006551011317908905
.02210988706131066
.00686632219753759
12408388484084913e-22
.020499652663127615
.035042350522315635
.10875035771412672
.007220753309842698
.03407489488540582
.09526729247602392
.06292834839076746
.017015686672423064
.08402002012466671
.005403538813996795
11774931191413718e-22
.05416974645417849
.05494652135157786
.0026868904516600418
.13258386259355268
.08136836857580658
.027872728078559082
.003566179989096359
.07310093329721701
.0497503414154296
.17344683120529075
.04031731914185066
.018100524932590262
.22032992557202957
.08644829033163308
.02365317834147906
.019987746425370087
1221995691305899e-20
6441119839988927e-21
15272867797879978e-21
1215838203422528e-21
6258422827600139e-21
3637120957347211e-21
6414110860778863e-21
6205320479789229e-21
10769865733308275e-22
13985717835306154e-21
2457620374951975e-21
11036086766279482e-21
5461736855804838e-21
14752899095825376e-22
27174035063928423e-22
3488974642922356e-21
7986466113304862e-21
8898728846344746e-21
.5673781705142539
1.2543487361339178
12.625423335378962
3.646178617060623
.16849644665558877
.06852152868782271
.49318793931791177
.33829900910839433
.21529962651714601
1.2012455505187034
1.805277339432073
2.416041001296711
4.162799294801252
2.481346653704409
1.82276127709012
.44965178911318643
3.1266581498440207
1.0718917723115289
.8551283205689075
4.8251924993908215
1.7043227916498358
.9147653961015338
2.434606136487577
.33073725911793794
.4152010312484045
2.2212023258737794
2.0925196692696164
3.757953333397692
2.1407017813751663
.1060994657359212
2.4461043483792206
.9184392401789487
1.1927005990190733
5.11036848802853
2.029765713774407
1.6284816997182872
.2554581963520117
2.477829259292457
2.53333916184778
1.2690536275443551
2.7804577125808954
.675313283874695
1.9449811596616522
1.2909569032405503
.03316768778668128
3.9351048134902316
.6865986732587703
.22116786240862613
1.0637894141222868
.30317939218053075
.4881278366046603
5.124326634473322
.7275432984168215
2.050331848493818
.7039507829007282
.15423125317103126
.8019704054342703
.28904670812498934
1.2791990177709294
3.1973408341004546
.5457718185255609
2.493067490915597
.41580791717077353
1.5611948332334364
.28223664178087615
1.6463806428444259
.2043672299285447
.42626854536372993
.14013644692212088
3.336490615191666
1.0099068233940207
1.1372900770944514
.5184964235024084
.6595723236134678
.1142666396041384
1.5193624892688566
.11880635193874667
.8808860297404129
3.5840627535281246
6.715420912356539
.6490523315534422
.19024195628839405
2.7266648832513614
.9728763200883812
.7151026479372008
.5628084279775547
1.7614968653740388
.8914307800608768
1.41284366521571
1.2309723224607614
.21581147104627596
1.9200356148779671
1.3272497777096361
.8345427684097301
.27204830558663967
.3430845058530983
.6788124456324826
1.3250486516627462
.13503565790910738
1.0691584810935657
3.1585635596580617
1.9923167821965697
.6657753950934642
2.111783367980917
.7381572525244816
1.8085207172839188
.38596826139743257
2.709252888552994
.6487385623966185
2.214536896959463
.5499596716352184
2.0907246977314076
2.068647288566095
1.5288532913292068
.3876293295669802
.8399221929204526
2.937188410105391
2.344303968987389
1.2098607827363697
.9078955267755051
1.0591348485831678
1.2177916140694147
3.3624856785131882
.8031974333042401
.1708990132415239
.45646009771852925
2.321385555021192
.8093096234126124
1.5111697312955816
2.413102807233587
.9552780155876606
1.188442823690286
1.657044735148241
1.5586910202684747
.3906199822171689
.5528022162170511
.047090411774038166
1.8144302091701716
.5181171902113767
3.107120454991407
.43909007475447415
3.3848207876438474
.12478700113566751
.3507845870213421
.3305880434605957
2.4819650154778876
.15841399565521663
.8485656007759164
.5267747866190698
2.0491151552653544
.9381866817406675
6.153974260038365
1.9361537479853288
4.773117791277772
.17990421588072894
3.0875782047861184
.3378695403031122
2.207472119303562
.7713043349164088
.14028802815734184
.20516111137001108
2.353193913106481
1.309904831313758
.48286668959266477
1.7225159113007482
.9143881407531247
1.5260862008517369
.951915996861067
4.036286278712667
.5505512295296403
.5753001837181191
4.337020910968627
.9025200271780849
.541817233132509
.12783103291717293
1.419817733810118
.7635532005742578
.6140179510937346
.7882385630795561
1.405363058102716
.3452606313828448
.97044598296925
1.7095177804538981
.07461161513616386
.17663209799616145
1.5033049785388328
1.1123670475044503
.007227340956517658
.6446257537193173
.6104774442256281
1.2791951903846857
3.9671863621605117
.18331394459313435
.851264402575473
.41821945293243457
2.3833980485544544
1.2537878218501142
.1413892899598132
.11472795712137206
.9629586392880904
2.735456597454583
1.8589118057341558
6.283702000948392
.07877523299494445
1.276525011317313
1.8319388731509456
.944303449206414
1.4081916773316867
.7795327022714288
.5851844450445205
13445126511723111e-22
.6603667914592029
.24293340467700103
3.3723717511622633
2.3112584559571343
.46814834413997497
.26566641207687686
.5421937688846449
.059955237126298
2.4425691874887017
.3755738016738315
.5689231487119588
.2522107932073317
1.2237316989752598
.7968253057525096
.5612856546353184
.3046795173994071
.6829361277005663
1.2432081886906428
.3777830315916978
.6210592219587369
.7864410824931043
.11086766443010766
1.033126753117931
.3897870391848218
.6697952185153959
.20229916531649897
.9654554797365155
.32055899649282
.6362230709372393
.9261817551163471
.6216264072126838
.9356054590283097
.5276946716141453
.28885838938164543
.8626417822047527
.40614421567948766
1.1721701777300118
.6774294290779317
3.7806951979267645
.8435580332785263
2.4895159700537626
.0967051552388097
.9203085586975228
1.2841011948225416
1.0466779660356085
.38276177204401296
.9051391644997819
.7352013198407851
2.1170294128707203
.14842216969970604
1.879096397673925
.3104124238181393
.7724706801191704
1.2531601836475104
2.781255764356042
.19098770031927886
3.991911712491438
3.726809500788278
3.5101712393642535
.49458435301844667
.08690369181905895
.15831601690187055
8.075631656829893
.5918318618317082
.8408214905366818
1.3947276952570364
.8906830263350705
.9717022260080652
1.722256118776369
.36965819049276133
.09109209296266711
2.3685755758995843
.1242009249853203
.2536899810127861
1.4680348285775662
1.88241553322647
7.204472773758294
1.9840633801710228
1.887591835847446
1.5905949760408242
2.9382755243963397
.3385314244908663
1.2673426566388268
7.506446491735598
2.163363051706662
.5963260777342119
.4675141278263804
.1723518048499465
.6537690436601936
.36856723554001064
.9263811974298087
.4921667856433075
1.0999049102529848
.8316960482825202
.352940944544211
2.056035504554207
1.2950654724241586
.26813061559626533
.028495882912196888
.5129375940343873
.39548261172754967
1.0635046935254255
3.569664632370829
.7918897315086478
1.5871307500894916
.8381341202752947
.11645073696895264
.5121628429809243
5.540520524620809
.15630231949646398
.6775643067895396
.628207057416288
1.1770049154444249
1.2602789346687202
2.4299115086942633
.22051535507786302
1.0290666410968794
.287610678441296
1.305604075268228
.7418230969689997
1.544549559639867
.5368011993841826
1.5800030412030015
1.9293780905079685
2.0879552207856147
.3166106494959254
.5838643592815638
1.1257902325368496
.6077736954825144
1.2483672447474385
9.230145150141277
.5384138465101176
.8697912953246125
.42754569441633955
1.2262564231866688
.10149667808227912
.2782678627975739
.0072587421352002905
.5467461626434257
.36390504093221954
.5698180411751691
1.1800329327238022
1.2424544186399664
.9500487878534217
1769724497450498e-21
.22085216554261014
3.2218124831484865
.21190007969162547
.6911622396392967
2.3964612014750304
7.16950921160927
3.185869525355398
.21692422845044013
1.0431512327334906
.12833201978643052
3.1047659763534017
5.4887976663843965
.4021009289389462
.8473319262852389
1.3932224411975727
1.615820417659937
1.3946502790795332
1.8938184896406456
1.1017344130104818
.6164639967946691
.2701780540537833
6.340900825691142
.41655074231680034
.716914913163995
.7285771152841786
2.356943355422063
.159861126743129
.6857521895976313
.47390462693918345
.7576157487502331
.1583210832404377
4.46578098997974
4.403015630920461
.27701366255921717
.4796029889801745
.24884214309943778
.6572960952280199
.6335259127066345
.522559781382306
10.488945083856981
.30966780474520433
2.7187251138408195
.07228716712828563
1.5078343595149053
.3605673649839915
1.4777504306991287
.033333718744396744
.30946926958237814
1.7114464702206929
1.4820003399391195
.7406796544402492
30.222172060941976
.18533911637669273
.8560923483874563
.5339811344510359
2.996029943176644
.11952164305053792
2.4015225255285557
.34471128528906214
.2362840928430467
2.4651932640750713
1.3046892084220065
.7964119417008375
1.1587629887664392
.3542788985874629
1.8803228576113749
.05156320479932315
.6257289391795859
2.623106607935734
9.597794033643797
.6295139902482705
1.2505512389272513
.5338998137059907
3.910397961991949
1.4737177200451883
.6902075397919473
18087608438011884e-22
24388913441326454e-22
.17745571943712624
1.3696170696108443
.4402213110846323
.8513471197924434
.10421228452517342
3.0620126589215557
1.8043403559177853
3.7962764947540233
4.020656814009372
.49112428232425076
.10468023037481095
2.4469896154842923
.38967371033007786
.4195892935653001
10355177761591352e-22
.686959511378716
.8326756874986172
1.541969097408098
.23726747920158606
.19358101916598283
1.1128129707468528
.582703538777341
.3875720237048909
.9632841252437416
.30183979715910386
.19903195827327794
.8906711612873457
1.8485636729795045
.7366754931404009
3.0401032506205876
.5997846021026054
.3421232064581937
.2684924864202151
.2703432201720484
1.399456085780115
.3317334076967005
.3507118010899759
1.0295869273205684
.4414308143533504
1.2413251031196204
.06326247846231978
2.8580721977109436
.722809424423493
1.3527186421883668
.6403090454851432
6.378452794203651
.3164485767798977
.25523932086958473
5.104931228081084
.34351702990406463
.23984603884177827
1.1220691186981728
.5935714915724309
1.4871538772693003
1.3936977410472267
.16049176058261502
.4379243282874473
1.2014252559934204
1.6502685657895337
.3599596990331281
.23234105664307558
.22617907620796326
4.063649505453231
5.127675595899818
.26817854078583947
.11033338163904582
2.0347988616095827
1.3377735935739647
.501450897138248
2.665777416480508
.24218518308013656
1.073582823960066
.3404177758731701
.4785262433816732
1.1329199323290462
1.4476569248853266
2.7731842155258013
7.3345797517396445
1.7530631739410496
.8170607639463016
.2121222635477033
7.4182092161209825
.5722863682955635
1.7905037546374638
2.5931704144269014
.09439173054990527
.16471394149543003
1.2977962997137256
.5148912603151592
6.036998484904899
1.3917581800557726
1.6474809321138264
1.3729677744019653
1.700693630646664
.013428047448073683
1.7585644625512793
.4885580973310081
4.506427403921479
2.5389828137062067
2.517632813920873
1.211776437406222
11.387992696020822
.20799490099349285
2.8216563702541726
.42228668496194144
4.503255149115089
1.077407235365351
.4025819818604424
1.1372542052723187
8.018450493145679
.5200264808119357
.635502590104533
.15614838036386425
1.6049490146395728
.05717033247532563
.5069366411921304
.11493835213533121
.9853598763401923
5.140597614899674
.24634846431092827
.5363388096222088
.7366220800361354
.6066454020285333
2.8962539849175055
.7825264145403373
1.9789730582246845
.12698312456342878
.3985137634782532
1.516033241870114
1.090975923249952
.014362213505283161
2.6757784806363496
4.816906257226414
1.5913339695603486
.9746344368246007
.3018138063762457
.9108781883859401
4.236152655544282
.2714437028014153
.4440499517522616
.6153921369290727
.04039467358792233
.9130151441547625
.6637103570439935
.6860498254102843
.36800457403681475
2.7556697858281556
.12733892448050974
.39262887840646643
.047215878525166
1.0130851101929257
1.556435872408765
1.5527479308835175
1.652641603390013
.6125880490096447
1.3335798251864661
3.6702144014956977
3.2334444131014273
.7351015960841061
1.4765319407847668
.4389208205824761
7.834810226632271
.05411533070327331
.7886156066738277
1.9682593590452213
1.0514932983718925
.7564089503658649
8.672313151847524
.18821555985463476
4.010517742197992
.7563917895793292
1.994944881568511
1.358708475652536
3.250926143377031
.331758571582408
.6219465555760879
4.648229613458972
.41709927999081164
.5270074385530524
.9920233620352815
1.8588620329753331
.8002602995932571
.23201511386485557
1.284152896452152
.25385142927525506
.8925839123396091
1.6208255814171315
8.078710952786036
1.580287994986879
.24136475351019968
.7919222906739638
.67036940511583
.5924579120850402
.8773542654656844
.49073164884352105
1.476129061966138
1.1903239322936825
.9099199879437156
2.1101446132199224
.9309738264978858
.227579512390515
6.5435179959475684
.1504991079681614
.9900312971417504
1.0664332956206972
.7641878536019869
.09785723842411005
.885861684176859
.8651212470978258
5.880060772362928
.9018864821619184
3.222304152175422
.6610760488061821
1.4568544646974184
2.6397393588224465
.7978367686929214
1.4631072564872734
.6436972553173853
