 0.00000000e+00 1.00000000e+00 1.00000000e-02 0.00000000e+00 3.20000000e+01
 2.40000000e+01 8.00000000e-01 1.40000000e-01 1.00000000e+00 3.20000000e+01
 4.80000000e+01 9.50000000e-01 2.90000000e-01 1.00000000e+00 3.20000000e+01
 7.20000000e+01 7.70000000e-01 1.70000000e-01 1.00000000e+00 3.20000000e+01
 2.40000000e+01 7.50000000e-01 1.60000000e-01 2.00000000e+00 3.20000000e+01
 4.80000000e+01 1.05000000e+00 1.50000000e-01 2.00000000e+00 3.20000000e+01
 7.20000000e+01 7.00000000e-01 8.00000000e-02 2.00000000e+00 3.20000000e+01
 2.40000000e+01 1.30000000e+00 1.14000000e+00 3.00000000e+00 3.20000000e+01
 4.80000000e+01 1.54000000e+00 1.03000000e+00 3.00000000e+00 3.20000000e+01
 7.20000000e+01 6.80000000e-01 8.00000000e-02 3.00000000e+00 3.20000000e+01
