 0.00000000e+00 1.00000000e+00 5.00000000e-02 0.00000000e+00 3.00000000e+01
 2.40000000e+01 9.40000000e-01 1.60000000e-01 1.00000000e+00 3.00000000e+01
 4.80000000e+01 1.22000000e+00 6.30000000e-01 1.00000000e+00 3.00000000e+01
 7.20000000e+01 9.20000000e-01 9.00000000e-02 1.00000000e+00 3.00000000e+01
 2.40000000e+01 7.50000000e-01 8.00000000e-02 2.00000000e+00 3.00000000e+01
 4.80000000e+01 9.10000000e-01 1.10000000e-01 2.00000000e+00 3.00000000e+01
 7.20000000e+01 1.06000000e+00 6.30000000e-01 2.00000000e+00 3.00000000e+01
 2.40000000e+01 7.70000000e-01 2.20000000e-01 3.00000000e+00 3.00000000e+01
 4.80000000e+01 8.80000000e-01 2.90000000e-01 3.00000000e+00 3.00000000e+01
 7.20000000e+01 1.10000000e+00 8.80000000e-01 3.00000000e+00 3.00000000e+01
