 0.00000000e+00 1.00000000e+00 4.00000000e-02 0.00000000e+00 3.10000000e+01
 2.40000000e+01 7.64000000e+00 2.50000000e+00 1.00000000e+00 3.10000000e+01
 4.80000000e+01 5.60000000e+00 3.73000000e+00 1.00000000e+00 3.10000000e+01
 7.20000000e+01 1.17900000e+01 2.41000000e+00 1.00000000e+00 3.10000000e+01
 2.40000000e+01 1.20100000e+01 3.12000000e+00 2.00000000e+00 3.10000000e+01
 4.80000000e+01 8.47000000e+00 3.63000000e+00 2.00000000e+00 3.10000000e+01
 7.20000000e+01 1.57300000e+01 3.24000000e+00 2.00000000e+00 3.10000000e+01
 2.40000000e+01 1.45300000e+01 3.31000000e+00 3.00000000e+00 3.10000000e+01
 4.80000000e+01 1.03500000e+01 4.44000000e+00 3.00000000e+00 3.10000000e+01
 7.20000000e+01 1.74300000e+01 2.27000000e+00 3.00000000e+00 3.10000000e+01
