 0.00000000e+00 1.00000000e+00 3.00000000e-02 0.00000000e+00 3.20000000e+01
 2.40000000e+01 1.78000000e+00 8.10000000e-01 1.00000000e+00 3.20000000e+01
 4.80000000e+01 2.91000000e+00 9.10000000e-01 1.00000000e+00 3.20000000e+01
 7.20000000e+01 4.51000000e+00 2.34000000e+00 1.00000000e+00 3.20000000e+01
 2.40000000e+01 2.70000000e+00 1.65000000e+00 2.00000000e+00 3.20000000e+01
 4.80000000e+01 3.98000000e+00 1.87000000e+00 2.00000000e+00 3.20000000e+01
 7.20000000e+01 4.90000000e+00 1.92000000e+00 2.00000000e+00 3.20000000e+01
 2.40000000e+01 3.27000000e+00 1.01000000e+00 3.00000000e+00 3.20000000e+01
 4.80000000e+01 4.82000000e+00 2.16000000e+00 3.00000000e+00 3.20000000e+01
 7.20000000e+01 6.26000000e+00 2.79000000e+00 3.00000000e+00 3.20000000e+01
