.12517117811179881
3.279210891905559
.060889346556928126
.19151572521794585
.18133540061293413
28409381164918817e-22
.13369887225806626
1.373792963183973
1.7417836529212745
3.4289720198403546
.04230437347736212
.22983165466373107
.03933960719043653
.17395604248861016
.026327069811243237
.2504769314213177
.06056935270814906
1.077699383088006
.2508239219459052
.06905682737700367
.12682285935915105
.6839380886833968
.045915143239137333
.1563219033100486
.03489990692424075
.6965565649774768
.03655833117295496
7234178084976369e-20
.0031816038044682185
.07622247580604455
.047142556036175676
.010831168211089565
.3534347939544662
.7270778559682449
.07490987395935313
4.9223258119509445
12176956121913938e-22
.10420641314177602
.09513063398304125
.9843451180283193
.002782426030862474
.006794888057553916
.018370347114072406
.009215628077602109
11409191377738711e-22
.10470278644249127
.011439408482819925
.1098824743311271
.033856842803028454
.012461074580435797
.3013572424519327
.005011937240091056
.0002668718476360226
.018389113464627283
.09991872927600765
11275993413322104e-22
.010387159385346147
.07431878979154131
.001806361498520829
.031194521642000834
.005358624596681141
.022251067643473024
.0008097319090117962
.07401654198303016
.011395064482072137
.0028711520212088546
12676874512912458e-22
.08653637072467117
.37564419453913633
.012564253876870332
.010695800224250693
.005402366416927019
12794888593357231e-22
2195650659888516e-20
17694022486175174e-22
9523455555261012e-21
6403482456769686e-21
20952155456922976e-22
599579485393876e-20
1088421857961356e-21
48945417132426795e-22
22119721474804075e-22
18107165908585875e-22
25242548482066365e-22
1790704773480794e-21
1032127486112234e-21
171813862214022e-19
1192549701703683e-21
10033714618962874e-22
3363912351402598e-21
1.5405319358688112
1.3915982311127617
.049010480500102246
1.2324430769089618
.0023639429006498056
1.1769501485036251
.29911184575576527
1.280869996770166
.5577815670212247
.013748242669277107
.16974215417247546
15478328666416976e-22
.009671016127531483
.041347461006787684
.35233397948973094
.9946660832292207
.2083869698742507
2.7719385437208937
3.028628446394659
1.1681480937623174
.09794206722181432
.39055278427225
.0403358286352255
7.1222458570401885
.235417740376738
4.818850237616234
.24870217245156948
14356399750387595e-22
14704368865375645e-22
228975567109861e-20
.2860984513867197
5.530318641308972
.07665988022632766
3.8992233481417613
.0687885834375735
2.0072159307687474
1.9449082913061653
7.98626694412086
.2564063922436583
.4253103731629152
4.382052901350937
.20942515073208623
.1670753836423546
2.18001168864702
.3985450883049871
.3817953392784851
.1499114400297127
.5454512175436341
1.0286372435135376
5.019333372965419
1.3225941471313205
1.722037002490924
.08494477028772097
.388999771126311
.18915586487335379
1.3133722726400492
.6672425405323458
.4935468405910625
.861409330555073
4.543129281908315
.1194358758588597
5.930742878216114
1.5516150736579348
.054974602708550306
.31569490934936095
.7859843466563724
.252147806766257
.023193206858956216
33312927665267173e-22
74.13986876236335
1.1255110876721468
.5118126341986239
.18508598216431998
12499761363809968e-22
.14841059892266664
6.2488700420934755
.09106372178312554
.012297115338018673
.9988449429050441
6.688248244332784
.04650452545662218
.21909465809112658
.07042830546026276
.42352183293771195
2.4927375900837228
.6556875927080758
.35156046919897566
248841475285218e-20
.057340926078577
.21781546358208892
.39374948311228686
7.375287769186555
.3987199295062527
.7972026144809542
1.212267960026217
2.1968815450655637
.12165706420428553
1.4161041102876548
.05634599766141238
.9733143186258233
.018164356291662638
5.9818675232505765
.7532018907585437
.08666891324919246
2.46178300520399
1422777570341239e-21
19.154638483478347
1.4557422336491845
3.253402729912265
.12157411930875457
.1571247401400782
.0706379963469352
.4477778478676767
.8098340144516293
.04839058025182672
1.0472429917199804
.7675546127312267
.6972320268143126
.1226446951716959
.6131722982714063
.648963030890214
2.51588997349162
.17479895282006006
2.3829569037067473
1.7475821415303723
.06636324439959974
.07446015257256619
.1747021062033185
.10206224020664045
4.913110814069333
1.2781973969059648
3.352342555324937
.3804573017124936
.058097398165148056
3.567933400122311
23.040188338012552
1.1257141660856698
1.277844923032317
.005492359404883049
.2688350801479811
.1991209377335771
.4292724182389754
.867700829943906
7.452753336086412
.08278746585816502
2.556611806598659
.09060212233668735
1.7482651126000643
.010020619621412177
.29235799829006437
.17610403247471898
4.267624403589316
.5145026460779102
.07000161970025569
1.453126885910097
1.0223169046499065
.3151742055317542
.037788397788631994
.08838634614803155
36874504707691804e-22
.6385114029969742
.26104170364425433
.7894300025766188
.017778883011931368
.6823360009199996
2.491049679253404
1.0436286229017935
.6102551725730676
1.6012666906721542
.24035544489130733
.1534735787686576
1.3782308081588113
.24647705743098086
1.0923174760341747
1.316843644049684
.2931084142517416
.14763596569546086
.30215156644573943
.22521686993857803
3.6768196334590835
2.6443417458336285
.3400649363116947
.16748023268790177
.7999662391714857
.01115752365863795
.9618397721623436
1.2386992715495464
10769941230279396e-22
.08289627881198647
1.404352957087591
8.021102833936078
.016268216658253225
.674557667562083
.22988922480441004
.7342224446423076
1.948060108090961
1.730107824258078
2.6770394295288056
1.3312847016679836
2.4545565430000678
2236518639311853e-21
.34179725707580905
.08446849544856852
1.6152605094526924
.010216993773553599
9.847118971544303
.0851982149385542
1.3197871184743617
.5350048213775781
.19885242099922623
.20800891926926388
.6170469168481266
.343082159558972
1.6671098695585056
.5814038682527678
1.3612593255414682
.02696405278090285
4.4753198260827185
.536126609082607
.36985993603160733
.04871773825271526
.33814066885327726
.12046312624980403
.6372446291374614
.007167387467992708
.7946387482706041
1.7819570438202166
.23063184542530857
.9448788458622264
.004381708081651346
.018814056202481826
3.159089458863977
.29038728965491467
.18561590024363195
7.317943226656528
22670644431923203e-22
.04350694810991316
4.505501102573733
.34882594009252654
.03340423259246365
3.6682932292056236
.309595408333916
1.0810248727653509
4.4988670904396155
.04641120037869191
.4989734486194459
.03453701100232526
11153595193890227e-22
1.0291688548457403
3.293611683279006
7.707432372274679
.4501917772656039
2.491145558353601
1.3776500649694423
6.081784394123496
.9957941124314882
.5115213529711614
1.5744826139988353
.3878847527815898
3.784212824477626
.07459113654694448
.06023736093565557
.009448174374138538
7.278775875633753
1.726538811440464
.9311142012090974
.062035158426284286
14269978256016158e-22
.3885908461200695
.15830888657342818
.687597264926979
.03946917169854426
.017493413124452142
3.6377779406731605
.2011940054989839
13122676682445486e-21
15817106482410996e-22
10088694905297905e-21
10301742695012633e-22
.2729127426926764
.45261350995193633
.023161349680443942
1.2099729130850967
.03322904280083225
.5336892094089484
1.3829724651208553
1.284623480055685
1.0793255293138242
.2892712507832166
1.0852928888172568
.018501465664903318
46.133064142451396
25.41259811135449
.12945511943934324
.045382605802555716
.4339361366737888
3.2619227123605805
1441134696975941e-21
1.0686001479237837
.3821241850814838
1.7157653989478572
4.963683348771795
.0007524486363330485
.25202333701681073
.015590373282946695
.2702882752051945
3.179455564025
.4170743387749228
1.316406460983843
.01759667725273453
2.678059309642016
3.2506027028572664
.6378750713818674
26.863728541898602
4.182424714352706
.5571193654076526
.5320208755569983
.31963637208197765
1.1117694489862986
3.692388279948232
10154536603384978e-22
16295741942471121e-22
.12492627676091428
.18821229314853563
.9678120408901685
.859609411650287
.14447192082358123
.6310028464707446
.02295278129545729
.09787662609564667
.02340566204608569
.7495641011648644
.9927679956009894
44.48392948889038
.5145152230657992
13.97216707255296
.003931730583761494
.35706430090529234
.9792605182574352
19.998365218000945
.2243909207161193
.5201132822659278
.17072097658576008
.783136395810859
1.895309934981455
3.0986557028634887
12228058601378263e-22
.4246135591922299
.04905722087843318
10687044593470576e-22
.00030549128453456965
10.449924674499664
1.208573541978692
.9167579948872425
.0989764165805275
.8126440664093249
.07992860902835928
.4197830391004571
.01978697932402621
19704486081775863e-22
3.919168183378922
.5536049467240878
.09544656454902252
4.154524410475812
.47679835876163734
.4895282382873514
.15048459026461508
.3932027104887204
.07881163286516228
1.7652126313090835
11851003647248816e-22
1.212056690528204
.41654382990752037
.07973585805325831
.5261927310927716
49.03972016829932
3.651181854805788
1.2694339962570715
.154934526336574
.6474626858511221
.3036344649077482
12.351924066633675
7.458455796320875
.9375756630740957
.013911706785264917
.6000813006486896
.18840455533820963
3.0527366694242293
.1005550474755993
.24701436022198028
.41503962245986703
10421645173727875e-21
.36193550207170194
.056470307195328
.6422211092839882
.6570550724155094
.28885225912620394
3.638470041506052
1.7801270420105137
.23492669827072607
7.532524622715642
7473056011370715e-21
.018812950501731384
.36390958051877076
.7748055776116906
.11737061640688573
.4275093682654814
67.82734783603962
.47990227820248466
.02131470680734665
1.1063650654656776
2.1068064358522824
.08580867653298865
2.0233634251720587
.06427487608737775
6.964247213743819
1.0890817773185213
.08679517577399243
1.1239118765331264
.15625055864684873
4.265326817849811
.3903716950087114
.8605406436145125
.137733043224437
.8157315569646949
1.7770529343952188
.8720141952843692
.4473579052982676
4.410926885795203
.8054979014395648
.018340798961817874
1.8867924580674917
5.697017589486902
3.646506638612807
.023666016901675756
1.0302588280656095
.2051166122308256
.045685220027006423
.21156195420795865
.7642947491723663
.05002692247694232
.2773582076556947
.2584258217774124
.26532805158573647
.6740723178759331
.22001849297793583
.23404106896844767
.45767095537900426
.1826432742545682
2.1932159084443366
.2892958932757678
.4443352485718517
.6352006379590976
1.6590710938396906
.08322040201257097
.044471691842613896
.6556912814998552
.07438637473449665
.019454147514357856
.4253880603657589
3.923842720844296
.3182089576543283
16033650306406476e-22
28.05757890765027
.30178624033204643
.40179507355261984
.11451776921476561
.08562652342477467
.02794530463169359
135757132603008e-20
1.4975671245050495
.24600018035215584
.007942365138040945
.002969060017035492
.11920186076927236
1.2253076653619128
.2411297022270582
3.8575576734231896
.000915312162345497
.10093236264064334
1.030711126150993
.7870275097998379
.6685953837004147
18614275103655904e-22
.6009693821511273
.06242249032743642
.018560653468005308
.050533092911395225
.609546716156242
9.037634351411011
.021626004755776775
2.1103924000640175
.3960056940209149
.2978591815158157
.2180801263738
.9179253125599637
11.795381720840131
.29158562540653066
.5357492812751166
1.8869441561087823
3.60618728288153
10881455317629974e-22
.05476470582656034
.1560827090240144
.11546973050650867
1.9240344000211156
.3024371841233414
1098994370943792e-21
3.13219337349324
.17917637054351704
.08730879680550586
.21043685459095166
.29462401168502717
1.0565420828262353
.8064778646611738
.39562329944588226
.031178886381771596
1.6749510916607315
.1334667797826094
1.4202204745209044
.337177992149395
6.766910154801292
.7378933929430659
2.592382403038126
.9665326467582834
2.083415149275231
.16862321513991704
21730183905894072e-22
.5636561887330611
.6923705716540748
2.31478112007218
3.214240031464617
3.5156938769358024
.4768388026889715
4.363089082716947
5.602157939537559
.38259052602421495
.7196230588714705
.001380619885892951
.5643017970817868
.133715480548935
8.783025685083913
.006490315499939359
.4500123100617469
3.363007663752965
.9370838194054992
.31161846155019407
.0008722733240970106
.49760091172667525
1.612025830247988
.1189836501089879
.5732894319280982
.2205026342251588
.2163838072685754
.01932158029616555
1.5279104057478967
.10863342301669277
.10576566921917399
.5622006943440084
.01975719136998926
.2890666634356953
.07081114812541901
.24728145201624543
2.724922573820375
12672291141670026e-22
1.8240548044753235
1.7509220256249756
.8812969226714831
.6879582391682556
.2110514613176717
.6645623927375806
12591042195729101e-22
.7055834248327022
.005869008027024059
7.051791296708411
.06880755981318017
.12971364965646595
.43029567576239053
1.3835107760137118
1028663366509089e-21
.25717660281353644
3.5753603141545867
.0951564429555762
.14277308792630128
.17657862409815472
10814341867842185e-22
.0927375834084822
.11880986783867467
.0872254084412621
.11422238616113313
1.0794659290931552
.053279846960745496
8.033724828317654
3.0253205586955207
.05624597608514142
1.929883630331244
.7555241724261802
.0490207463214665
.9595649341475784
.1009045433634164
.12706194150594824
.11232811609641334
.006768849802840859
1.9588496795306396
.3798012959966168
1.0891678162072116
.03498203961939191
.49030925549194176
13064329015097022e-22
2.173621335034074
.34183340068307033
1.040894490261823
1.7868633250861117
2.497006805788088
.008597040692145518
1.5315510809327357
.09416959651542443
1.365513821897046
.4615250436180812
.2833194466832645
.07975494968504401
.7535446517887435
.19379463561943974
1.2494324189092854
.20068065158524734
.616806860830471
.6550156583843512
.6729205417396854
.00398339104160143
.17378251647791954
.052388636453831676
1.0731789881243945
.21030809101937437
.13867352057274895
.14118601530238284
11547153305956599e-22
15513762135818067e-22
1.1597094822441625
12096542196385772e-22
.2492690011176394
.4265639456823978
.40594880245827786
.11836636009834875
.42394532882887553
.2623376476464945
.05349625806760607
.11092072193758229
1.8177460893184527
3.341523428656356
.2928067544814428
.08827832094732767
.005235678301480231
