 0.00000000e+00 1.00000000e+00 4.00000000e-02 0.00000000e+00 3.10000000e+01
 2.40000000e+01 3.84000000e+00 2.35000000e+00 1.00000000e+00 3.10000000e+01
 4.80000000e+01 5.94000000e+00 2.35000000e+00 1.00000000e+00 3.10000000e+01
 7.20000000e+01 1.02000000e+01 2.85000000e+00 1.00000000e+00 3.10000000e+01
 2.40000000e+01 8.59000000e+00 4.15000000e+00 2.00000000e+00 3.10000000e+01
 4.80000000e+01 1.12500000e+01 3.00000000e+00 2.00000000e+00 3.10000000e+01
 7.20000000e+01 1.66000000e+01 2.32000000e+00 2.00000000e+00 3.10000000e+01
 2.40000000e+01 1.10300000e+01 5.01000000e+00 3.00000000e+00 3.10000000e+01
 4.80000000e+01 1.35200000e+01 4.52000000e+00 3.00000000e+00 3.10000000e+01
 7.20000000e+01 1.78800000e+01 3.77000000e+00 3.00000000e+00 3.10000000e+01
