1.2383092484346352
.4144311484657397
.1121067386718577
11378651425890156e-22
.2956228816649131
12802637038961882e-22
.04532465167423512
1.3474126044586419
.6579067036997622
.24799688149221677
.44804906380512854
.44541971913570144
1.9460153362839603
1.4906047115674939
.09268200640788823
.1714983817483176
.16361589000184235
.4865397584760811
.8688363797023607
.21283799841590414
13314641857534945e-22
.15595442649727115
1.1096083530656127
.33682818251527363
.3459615993514628
.2768243243191491
.011807087062749072
.01940802359656032
13393150583710847e-22
.5315449130357489
.0378955782103835
.1616843816420284
6.033361047387578
.21602537578762618
.14048097593269426
.489396215280208
.02261757194274793
.27291424543038223
146478628628301e-20
.03686288895283966
.005952970408071691
.016374137105642457
.11411501670586394
.014287460734616446
13957754458942762e-22
.10045253555758074
.00474693776366597
.032704441700148836
.02353260162591078
.006301398868955006
.08279893641942151
.008063516165517173
.005294333056499347
.18362398745906142
.0106607053778697
18592944888193748e-22
.05085682059303814
.03927435561336459
.059181774885127436
.010502763574836635
.012554810227353028
.010391774251233877
1335119714576948e-21
.09264254016154591
.05157453377420785
.021474494959543736
.02141752074314656
.008083910974980343
.21507860487523178
.0034909355022366712
.04105231942259801
.003995988796216427
5912813958621108e-21
2281681537519523e-20
36074729528467364e-22
6299993380672679e-21
33882356287720916e-21
2389551332657638e-21
13638520931371975e-22
67509675936240455e-22
12368397618577122e-22
4101866363031734e-21
8798673028933228e-21
8624487659012124e-21
12984670913682578e-22
9402220392314107e-21
6546124065477843e-21
4643828193781192e-21
19961549463201755e-21
1554291755698352e-20
3.4233516163690565
.22181760596116967
.7047821507883786
2.338130296283334
.607105086129594
.24080564107709831
2.6422524457709855
3.8656942161499366
.08787112150496848
.27182589366774346
.5093595150360284
2.2638059776248713
1.3146546201242977
6.9334011645937075
.6000742011350619
.6320558861206048
1.98872802721228
.5613627728311792
.37768822489362386
2.1280260594960647
1.4062525287966938
2.5953697695415308
5.931866011246964
.4998121260315374
.2701290545672848
4.292947821273811
.3704222884663377
9.528918790827047
.6198904516436387
11926450947501037e-22
4.52210540453266
.9072199129674976
1.9394035824638707
1.0039064648774423
.9422248187483854
.18589713708249203
.7451426478374711
.30291904593031643
3.1887491282809046
.4944368317195785
4.3120296330033625
2.6104773112197073
5.6480143923886725
1.796351918782512
4.271911370384107
.5026628649358793
.4035208843900241
.3010232242058244
3.2591108957063164
.4113242112519223
2.637441497276592
.2784267743021911
.8468430965241249
12239718716470406e-22
.21118899892525234
1.349653377250031
.42668269324466856
.1214211899547335
1005989774957322e-21
.5532348409500133
1.4220422452511698
.6880744109768233
2.965840975893659
1.4859524389223702
1.2740689577480768
2.977962606400503
.37432278232919386
11563849873214284e-22
.3584964968947034
.7098803391083572
5.595050666576578
1.4131866469118441
.5068141219093083
.2651255946038986
.23697212758273598
21.37463562772924
.5275164830930049
2.578962907736981
2.1167897687235717
1.227586050546465
.0873273145366898
2.64418157864975
1.552879853238551
.7568070406682488
1.350838099029193
4.062373479761235
.02720627401492568
.04024926689945713
.37042933014836626
12.378923244927304
.1261522713675411
.26570071705312404
.26977082950844583
2.2670835124713418
.3955842596150279
.9903908761930134
.05429768405088588
2.4466886783032056
1.2344893636523018
2.8483468984869535
.3843446947609461
.492743560188443
.2559337167415493
.7760777217360104
.6888885277026009
3.450763528756702
.09100510516626097
.9317159987014642
1.9997860886156096
10.250233251300765
.5590279336081707
.737108404836631
.4203853459973633
1.6357242612746523
.19302783877854812
.7172723159204402
.05898581736950064
.23427012780515374
.9335888608821559
.36557294042778177
.2822369028899356
.25712477300774095
.48700632985713466
.5479552509599995
.2743692421586815
.1780277458998733
.13017230394882648
.2450171990080373
.23082372281424224
.31385029046673785
1.117206172912356
2.2291407263825778
.28553059794842933
.01564935686508679
.49149811205578575
1.7668419926928556
26133267708157354e-22
.6021837580108919
1.552906418141547
.38272873193831136
.7084064160087987
3.15646173848309
.6555694580317107
1.5734522572692158
.6598077659641883
.17759148259229254
4.184746725321339
.3297026336299708
.8361062556609491
.6367887701297127
.08153298371028371
1.1047942515899445
.12151622614592787
1.4963242353211803
.7572569043530081
2.1753541863437262
.4498609657588889
.2704426820156653
.9768420211922079
.24759239241402617
1.5189581930289606
.35254941160029984
1.5479493548206458
.24572404716052107
2.3180395409321157
.2472936159319692
1.3240076604238418
10739272346597414e-22
.23096459482952858
1.8005294239614358
.5248115501586008
1.4557332820869937
.3045928305945184
.47460704898167905
.2381708470495891
.3195814507018146
.07891278795517545
.14236692396593395
.5099377161147438
.4977279579523862
.3707157758786158
1.7434358847245506
1.440495527501663
1.1249001034743515
.038416727653862316
2.1528899512124156
2.458984737459923
3087262834195953e-21
4.4234919568754805
1.0644271916539656
.4541723470661097
.057575025475434485
.33923959432348366
1.1330533215516425
.5347912839767122
1.3630160174267896
.3316845735665276
3.5023272519960997
.17516085302518294
3.0635290424435304
.02528710429319354
.43551247700849366
.455703784013177
.021054287382205727
1.987430960607
1.18957725964543
.2226124062399077
9.339522807497772
.13563649063379304
2.187543374676106
.42013428936962904
.4853420350608392
.24855533987063794
1.2899007720053088
3.3619655831585664
2.091641254445119
.40612483022035284
5.6745997396408985
.47647012628448976
1.536450520399018
.5364151010532727
2.9863178587734613
.5297334361696625
1.618252761979377
.4512336824220677
1.1722092065691527
.29147813701670106
.9903597629738142
.12539934795038812
.13912413873122575
2.180777546127884
1.333063458939405
.4994772967388127
1.1739384347792587
1.1792585826005566
10040913955637693e-22
.8411113781518598
1412836041639481e-21
1.6641187823240293
.08497922389518603
1.6809104327223174
.6937453874330631
1.1794309596348533
.18257436647133995
.5462897523947042
1.8032304408577209
.4344318037230554
.5872508239407761
3.020545287215678
2.1862752422906344
.29221584502695724
13753369212922609e-22
.6973057975428837
5.069228079821939
.3628674181412409
.17067231636445993
.6859956573951034
4.094846017003762
1.1613330765520806
6.989077681673036
2.4854520707580106
1.7696847162971137
.1857428747663707
.5346260004387069
1.0103089055238679
4.021712326747789
.2930062820348891
3.105643469888122
1.1529966937471992
2.762282621298607
.45735996415411334
3.253221697444311
.3525085843441386
2.019250367178419
.12111701642119377
19570246295334295e-22
.4221239886999807
.8788972834241167
.21967907509008466
9.4105279623937
.1326822620629001
.287365159702101
2.596733020317984
3.344385758837602
.09960047072774326
.4774992819348446
.933690682058007
8.823716836244781
1.211504234425323
7.0037971581784095
.021570145665178432
2.6324385750296293
.5458828064369269
.15627808319602543
.20446127296168853
1.7843654298456362
.6374517273350556
18720757269788682e-22
.341453576811914
2.106720414532425
3.2070407394136486
.19021480488497244
.018646690690439265
.69827003195341
1.0058564313592917
.05963216470505696
.5803805197893425
.8308240506955318
1.2021463844576297
11913706706355634e-22
.691295026055613
2.7079990115006307
.2774911939294941
3.6113619023732673
1.0724526120124374
6.056599351082069
.10065316426924092
.7464349558600839
1.7793392011330136
.30774990706524763
.8311089366861385
.9040768480821274
.5430349906390768
1.4103906019445636
.35505001536612474
1.172077999253193
.14957003080505438
1.5689920846827414
.0827580811937203
.04778948296623304
.3432938160868978
1.9408994681269485
1.3797362261513708
5.72492639670736
.2028965743729658
.23212656474212262
.2746658955304626
.11752185315353908
.42507400683505525
2.283563345939304
.06600590452502243
4.279876382532972
.5806225281468003
4.046691521257949
5.945857192074935
1.3856803441706684
2713771830349922e-21
1.1843265576953963
.12507953195457877
.004795510712998686
.5158163956845222
.868362095895762
.6484292491714904
.8568923067117721
1.0624087803321582
.08681663000464453
.238171258291326
.9488265272754544
.5169172849523511
.6354064828360337
1.376010234516544
.419441813990897
.34729472164673436
1.300731027667709
.45269715003972655
.931949549866719
.2946031613517142
1.620320417241814
.679412180525111
5.444129912666155
1.1253987979332318
1.4793189227994175
10020619800057573e-22
1.1034943167628872
1.265468922301042
.6852800493205714
.08590041283349087
1.1255842903884627
.2935037409092466
2.3709290463893242
.7015865122873863
12.556935847482041
.33026998266451396
.555020620067106
.8346412471341789
1.5798562654093864
.2502586798881692
1.0885822374259249
3.7069648314975723
2.0824342444288737
.12608392359424694
44075883683678885e-22
1.1199907017771793
2.098806435739204
.21127498782560122
1.9317002211994696
.3386373709135244
3.0582295455681665
.2847764246556526
.27234221291997873
7.715739771083971
.2807102876789539
.46425941918963
.3232605459988624
.5554424605706964
.0835422276318377
.22318336906178998
1034099245775201e-21
.05488782018823654
3.2485001586437163
1.540397016363354
2.5853799682630654
1.2197230021651988
2.135989248458906
4.220205646097487
2.230949910620483
.08761594509048513
5.208728733152013
1.2914175294642056
.5874348355022093
.12447410715873482
4.990074746564104
.20818114990047884
1.6483694634210428
.664655463656789
2962716091898922e-21
.8067301712933262
1.8162385388975102
.5631573524980826
2.726410365056752
.049971932116400504
10.894983079007655
.3726957663746551
.3149320570079553
.23839090414306577
.34342966265461106
.07851916972451731
3.427457908113085
1.9617074572038244
3.8334952361372134
.3645081651971166
.39279473870271014
.3336399355641567
.9126163600377865
6.9873633422364785
.6830723617657877
1.0454486588447698
3.579296127723095
1.0529988010417934
2.853527244176265
.43741435910162807
.14441303894665197
.012523884405445565
.8993489446461785
3.017376825843204
1.32822118138824
.2607606817234677
1.6459226227358084
.24954431352861772
.254754721357421
.2670575680530605
1.1277960583031532
.7861017889009919
.12501017018710206
12207865935428052e-22
.25040588960486976
.2086856650142818
.11740921146576631
.48074114705812643
2.066534806244391
.5659957158106894
.2053584247278837
.5037141916805313
1887779976920514e-21
.2656946329001418
2.25670362478932
.3403935864308902
1.0838180797075962
.03391656681620776
.6631650866817058
.5897322841824164
4.869727439758394
.5559219865121109
1.8594042838769813
.5761224514839478
1.6251200216336348
.023259937003191972
.4742569781855018
.38826320516772056
.43083691878895863
.35776818422262735
4.1978572075091245
.4369563307504105
2.2660000941669107
2.1319306600857626
1.74895648586559
.8647601349030309
.5298368830310118
.6641065042606976
.08574563442531688
.526306903784783
1.0752219600620478
.4371428410194944
.24616627240941896
1.0955843375098109
1.8164995665976282
4.2919727628350985
14998521940049918e-22
.3734405913444045
2.0679757259824956
.37535437355337675
5.139247746526322
.04513948201845541
4.276459368428857
.03581763513561886
.14687699650870173
.9574197397807372
1.9701318345351115
1.0519877460141251
3.1542457306435714
3.217053307365573
4.466687559903432
1.8340945436061955
.26190845706563487
1.1250789059471022
7.509451902544501
.23182175180261255
2.201402871546863
1.9019385179313515
1.8024823930630054
.4832588690370195
10.21282048054168
2.2894018656399973
3.48091855951568
.15423789323749656
.13410801530692543
.15605499826566077
1.399876231981981
.579637324707302
.12370326570042339
1.9349193622707948
.43818561514001225
.08747258293579221
14.524711809090405
.7151563601732329
.6391715913587308
2.0978393324523057
1.5628457745900275
2.215468861548559
3.292044562655428
7.211883192615964
.8468577074984828
.22592534940931466
.15352432821508827
.10439517012324662
.19572078535506712
.09776703164917677
.9233732952884954
2.8935032920737833
.289706837817444
1.12638432236305
.0718981949869242
2.6571401317637
.22806892178732407
15717733499859382e-22
3.463805269577138
.07044542729304917
.4349493082283444
3.88558018663543
3.435445851038301
.8176248295605038
.757753092351097
.7653231575212113
1.6138747227259926
.142760633383015
.28791380958667695
.6367007256041903
10.885490013426399
.0948909292783722
15700668284823833e-22
.948272628902909
1.402802914674294
.13028907121358965
1.268018506057819
.1909123944590964
.05340310524216897
1.075905489920808
3.3538199605050045
.0824676152831215
2.3466653016249452
2.4495315212201745
4.419632961230239
1.719465955870736
3.5865548017231275
1.4802575553406758
1.227943177309974
2.74762519334702
3.4700075831198824
.7637365372397099
.6382062708455206
.7178347179544337
1.4074045230094248
.10916427233389939
.2531217886815016
.07574733899398027
.23891563782511405
3.7662649468428318
.13097590651646732
.8179596835136846
3.9395749745331963
.10886654606732153
1.665346856247575
.5570321695441455
.9061129904379427
1.3856626905822416
1.4505422839811841
.09148669634328362
.45423567404764925
.9828386021111595
2.9166185458207963
.19349698568032503
.5192558808011436
5.073446876636623
1.681295636939274
3.5709419259761215
1.7939476707112476
.21522040077282614
17.447231658078827
1.1170346420496218
.8104201088874542
.7070455373757455
.1470949014884281
.4269364507045436
.8605234268375059
.325708748486993
2.6723672263692415
.0017651030249796291
.7338588074479209
21300914090069544e-22
.7022721266538651
.33671565140416326
1.0503385917085521
.1760151063184008
6.064505934383723
.09781163185467448
1.7531811489115214
.7004658572991642
21.773912758334546
.6843238416066029
1.7274766555642538
.42019174499628176
.024921391662298592
