2.029531722147373
11493116939596158e-22
.7046602754626683
.12466907536868119
6.808042531218675
2333711977612402e-21
.5429368769636969
2.3687426404211496
.1369369077500869
1.0014781049678974
3.278618311206513
.5087885059806748
.05056697681162013
.16440286832958
.28700686019105615
.03460508224733623
.0005585726970256216
3.5739300525657933
.2487189342672646
.022446632511939364
.10411864893676306
.7525999469987681
.30450335292900554
.5764872252087575
2.0723859705871153
.39920247855789265
.01789163539865697
.0031433256717751956
.18684265091906982
.23871477761739435
.32135250416275996
.45610740108072134
.9662142948072916
.2878420409380883
.0023972444579411526
.5931347748754625
.024244123968803502
.01172895904152804
.01187348232400545
.12624859692258755
.012083875150767857
.2845849315892244
.19986949255131958
.002706982421886432
5969500265655338e-21
.045011985003281255
.006112208873700443
.0198266455493289
.0044252676216957835
.0020801265490253884
.726464452426582
.02623184381653359
.003297514700869098
.12989233889131235
.030855785767931722
16406961463325066e-22
.007574389666761774
.002098377804605559
.00011092965511444944
.014389314739003869
.016971579545841657
.0033318366028794208
.0019220632491308866
.004221100364349295
.10418715457196175
.002048074943869265
.018131984939210175
.0011912121760888398
1.7636605239552936
.0004156214365626417
.017448840964446145
.0029327378068916897
3182378301630515e-21
1147213320447464e-20
10175794248887585e-22
4337862796833942e-21
2639835637648715e-20
9973722261474693e-21
12555780977087145e-22
17311270684819806e-22
1803989291850975e-21
108253724321068e-20
1675057123613744e-21
20677830679922724e-22
1e-6
2487649162079473e-21
24533549296796325e-22
2683310142639118e-21
11336860579967377e-22
4256163761320858e-21
5.105492096708553
2.642536086960744
.11167915080537069
1.3995669782089757
.012682189905925026
4.040762857886842
2.4947299819835473
.918115679554637
1.9809412494740606
.3912956557244932
.902113381120887
2.548807624469192
1.8115683310881467
2.212551956907237
.14540200913609588
8.570503278389335
.8392630632428715
2.2022224910500157
.597096959895999
10.792531970159734
3.809032713388525
.6978682045578172
.07392825969823817
1.770960218919719
.35110139415562924
3.6142367535071065
.18784750752074228
2.8227183577066706
4.507402186024474
.040582338177216626
.9166916615578622
.17458311353373013
.04351199222611574
1.4256607352194823
.10800102281529247
.0943556770432868
.9771215240215709
2.1490669359190067
.8705849442725081
.6866651213262633
1.227072232023214
.05910033897079332
1.6163143877283104
1.0581129113236407
.2662877741335808
.6478122584900414
.13574708074425423
.8462183573935612
1.449598984675896
.5513452176292233
.5375073099322727
.26811359536489193
1.7283118697332671
.6243811703561769
.9639256777481461
.16799239920938752
.5740813511743291
17963442095404793e-22
.11531587745166216
1.5301217784772458
.3973720204687937
2.422069495707049
.8208314754865286
3.27358129714582
.049153785631912916
.31666048910047623
.6347607217327509
1.4050951190532217
.6671686283467089
3.11532584248108
.03068921401295964
1.2740358143982284
.04840367677800629
1176962909189485e-21
.17445343845927974
.518195522362733
.11443146622628603
.3950620620284469
.4479356162545148
.50250525507323
.35725431533500135
.1603608360756102
.13399443937077987
1.311654983715528
.31834014700178564
.9679322120262861
.34377879454386706
.1891431022092841
.469835916565671
3.600895881171142
.6158553332782126
.0723167172979768
.006142770876112152
1.8661336207579005
.37310861382413973
.18783723770640542
.271534061431422
.07186210919757534
.17974030766040427
.407805488512604
.007575454825981228
1.0244612699685187
.10320240831422388
.35050085454810137
.5861948807524491
7.327054663476792
.2973080967904528
.78240650910065
.1731962679177631
.2778486877243268
1.895984429585774
.2620725932356537
.1596643295903111
.07322140669719471
.7311668771044124
.070787384646063
1.792324606330322
.645413614687653
.03322079942969311
1.163025768146041
.11142578899910334
.11516695004409026
.11330180331812052
.13287794440066059
3.2641885610362387
5.621397212200165
.041539778545339356
3.495397648596062
.6674741273372591
2.0504490271197526
3.9638011235666983
.22860890542322423
.6213083090542895
.3548448134673965
1.4246984466123818
4.330443655123976
4.614143485201881
1.3261768492686914
.11323572235561442
1.0708198384467509
.6569250446239134
3.64660991031398
.049115905939281626
.9856424255398071
.08017250011024914
12.930872447152806
.3526587771002642
.04539099934122169
3.930147879771305
5.268872801052011
.18967535145982797
1.9007725728704787
.49535152722851533
1.8985537538986177
.2465830835242573
.3088789679651536
6.24954706314185
5.351564785419598
3.8131846498142403
16556116099840979e-22
.35024600543426526
.2397756414779646
.670039631230055
.20840491710527229
.5209262516322682
1.5338356384490526
13.978230746597209
.5171702642661817
.2775511529165411
.42632514103788033
1.7681126502300544
4.59448106226594
.09751643279449312
1.6201386289273152
.16134358969689094
1.5322031608628734
1.0440179302337096
1.024125554343877
.43105495564375446
5.4880223671997435
.4048233024217469
.2577014821882429
.970006984700315
.6452849491343577
.1152139890001532
.8148443448294296
.97752401996212
1580045677834994e-21
.193246393998544
3.4513000682610278
.311710063741903
.05204163470576909
3.7452079051417995
4.7541329707709155
.5867529086654449
.12893889879530024
.046588106225423795
.7644576111195805
.14166219969053886
4.232971585621673
8.353238071849676
.7521717779734274
1.0311212546110227
.1637129371758077
.040126721569889244
.1280423689705093
.1522748566440516
.16620914968440986
.37419077931006733
11.17790813363063
1.2450413857931317
.2438331993707178
.08689564371065017
.5025545681069705
3.8438870836209365
2.672315784283251
.11156751473082031
3.337535214411486
.27461885881699977
9.13143723386347
5.988707827003206
2.7180229616095968
.20924048546026178
.530753899896872
6.886800146200599
3.4016827457317658
.42606103455771543
25.524307122111715
6.714002487560697
.09838424192512049
.5607028403128773
.13685637725661876
.3829043423499134
1.3970167662668682
.106934936430216
37141043587205333e-22
3.8442010870108856
.4555890313171994
.36061363315136563
.052611360080243634
2.1756272321557413
3.783216753565573
2.6331681141046936
.41172197705207014
.008305958142817238
6.372081145745236
.2828324549126636
.11879980094098688
.8448277834178334
.5331263579826537
.07390014683000577
.5409030607454286
.09443465674879477
.2099302853561914
.39365260760780096
1.9727503393852446
2.074358284526726
.18631393573597482
.2832800405574577
1.029374360972119
.22501177158652783
.1677184995683433
.4224636135096361
.17836692501898396
10.045346404237497
7.958713514993116
2.3206200306753177
1.9099336784746437
.03731763025614727
6.408224945942741
1.114224855729758
.004434137291700816
.09229399255922777
.3178258482632765
.1393019773831616
.017716932883737352
.08262561531583215
2.232486726497693
.31910486837258806
2.2478420721688086
.12089942175242754
.10543219161234385
.6907344105050571
1.8022542436652822
.5984677439321551
3.310765243442343
.6003274670060538
.010398519428707375
.20759719561334938
.10303673201795971
2.099379196569221
7.251199664514721
1.696158330935569
.5629912792707489
.27734622055203645
.6450455370723431
1.0213463297187684
2230588244417015e-21
1.5755396216123296
1.0426514306955044
.1384088991098593
.5518461870740847
.0072633971188614255
.37970514710853076
.09082050026269661
5.032563733399794
.3834526858521695
2.3099015520077524
.26959919605400084
2.0054450674557263
.20592033193949366
8.087821427189725
.860547378131518
.6848830194685954
3.8464666926018425
.10305074052097903
.3898089528168526
.36748424360430265
.10785714131321439
29.09068939637214
7005179530966355e-21
3.775219557553469
1.177351838345896
10.064792962013888
.17584278712314647
.21133567524069855
.06271504734037803
.22410497194291004
.13690434069382776
.02424520930468386
.0622002588033162
.08402149208417277
.1329928547496032
.1679737366380884
.7358392249582395
.09074274544462703
.9085715640255366
.03349775379949691
.44619329424964266
5.555332723727829
.12841170714155195
3.164872933371028
.2269045899779934
.42343066074846636
.15078481753841735
1.2902804309627283
.09702223916830602
2.090450356400231
3961053326032134e-21
.002982682178705801
.29400160408320963
.5185378222062571
.04451688021754118
.20362647684501126
.5813852095060605
.24742677168508004
1.4973715774646523
.25739211194919376
.05427503975221015
.31903254776025347
.23588321114335323
2.471424118291806
.2441686545515386
.0734673760007091
.40152519428884237
.20349239609424866
.8868635082171655
3.989625101719923
12962597268686255e-22
1.1134170894091462
.6189018999469447
.775868677015721
.028276432226515696
.0552788909022092
3.619300657013856
.07954618332781498
7.416437549525934
1.2150738409618285
1.1580658716629286
.19426457572649625
.8949779095021729
.25468740618177466
.04268270535844497
4.820437137907394
.06280587540959404
1.478445271996513
1434191004362535e-21
.7755902960337889
.810689856444859
3.9054304154402377
.3358316996580516
20742510055512133e-22
.6191864598283714
.3390396885118708
2.9201788958040558
5.066385127866143
4.540403491530436
.8522449941289417
.2996966338304843
.9124425246789027
2.8299438700158266
3633247192463053e-21
.5360104483576873
.4416237386376212
1.1937255029758163
.29561349287942973
.5396069906201297
3.762227614182447
.717593056500873
.13588328177424921
4.203987438186074
2.6657256032507695
.03229052352914192
.1845551158872956
.09699056379835294
1.1416354888344689
.7983216797071008
5.656671956082569
1.294540791012348
.5949031335383107
.4691454638964505
.17992689533950915
.5255724527935395
.4658949536231478
1.0760278897364832
1.1162407756209287
.22915630575413448
.5216202341723541
.16354683602403308
1.2021551618408646
.3850891161192367
2.4173282658047976
.09881824106924333
.10667800135367084
.008983415811585824
.20845010855983734
1.651362927987122
.621662533465663
.12131764490344765
4.301950712206663
4.243594455458657
1.8963272287004371
1.0856254324276395
.6189461365747634
1.4742784103400035
1.3446085478866387
.337457209148616
.3637751834086912
1.579541529494517
4.439233521453655
.7655040169332902
.0368518139181944
.03744488383869174
.928836035754194
1.1274743524808473
.7075326149294939
4.604273783716697
28.743536537135213
.09264645623676565
.46565862457667484
.1300933231605131
.9293359287448416
.9166119484103317
3.127773183912417
.2135860927988865
3.0495566558899854
.037243414645872025
1.939872755631683
.0342404955682156
1.6485532217954115
2.444560561647576
1.757815918107384
.20934132177325163
2.0387979758231016
.05908735627242573
1.2124246420778246
.43142126287178423
1.137536850562823
.9960946719204626
.5670336298873
.20354487615385985
.6816288556023035
.07138844857060453
.49269529144581176
.14936184499065672
2.2099180766081967
.11460835223696757
.5060485273256737
1.512040713760109
.9957493907149306
.025731547347614483
.013318840106278209
1.3602117572254777
.1489439923324908
3.71345252689057
.37898741317746115
.09108550639481187
.05192984422755158
.2433116664461894
.6613330067819035
.10965836598142978
.01542989375693975
.363313404002904
.04433160495813328
.01973680910910411
4.041610251259409
.20658435614012682
.059116970307402386
.4563603315129226
1.2329276154238284
.74184363927119
.35281475679134344
.03005997087429668
6.262834569269945
.6909708001388828
160.56708892046743
.6053355214626641
.9133365684144358
.8732573287198907
1.948475718613019
.017370774025859754
93.6065650200445
.5175211494972787
.45334028017749967
1.305877025677038
1.8392156216030133
.11295082537010455
.824970692752752
.3780691033733702
1.4929776810108626
.03667373571138474
.15092299410097745
.6392206488402986
.882213957332269
7.311375127862965
.4931454661562087
.060185419620914046
1.2015200273884274
.2146685022235792
.05490642307567531
.2864566124854606
4.440832261868659
.029522689483006147
13.137552669831571
.23136014646093012
.2843148411396354
10.04132495352555
.4557956271039242
.029351500228938017
.9694780337342633
.035287058159516896
.030652543883466953
1.0719866909677433
3.365569527123059
.18539310193935182
.45496416082248525
1.4491848132854979
.25271992763605927
.36119285544555974
1.386146178488022
.2915561794303277
7.516034953075794
.3745610829269033
1.0791482674152497
10937370445838777e-22
.5452506335727736
.14274350064288388
1.9163485801540845
.76162183944437
.39999021239084415
.7015751115228747
.24225528791710604
.11728341530216482
1.7969379907931184
.700463119052716
.49840312061327274
.004181767183403028
.8282694933766958
.20622760310332122
.028330621265644104
.0847823951453727
5.219349100107173
.6314491420504622
.23206786438475435
5.904233832010375
21884021637227525e-22
.4736675080249792
.145143226860101
.3741109600510989
.6787837365526946
.31140578188930995
.7405807742109454
.6708579350772196
1.6859518153395845
.22780209535903523
.9140328296805857
.0018797114001465453
.5076948612564112
.27621802342440643
.8724364345034723
.1177531296131612
8.400829813492896
.2842038296363575
1.3331052255786617
.18037454570626116
.5967844471038816
.09763348778910992
1.5966446586548686
.606438233423247
.4225566814114982
.8612172101463685
.7826891544516676
.25281798251433457
.9142703557674406
.9811459387249527
.8701427044506276
.34668704731533406
2.1966485022383364
.2665291360781288
.16386051891299347
1.7272828872410195
1.4448286805617825
.7925521844189167
.0757345868957219
.7737473433859148
6.71521732812302
3.2838316668802725
.6876631613141875
.16582043067481972
5.564458358062783
.5673830994948591
.018367871748533132
.2397080892380211
.8134259221285522
1.4450207310140153
.2723528706549749
1406667767467972e-21
.40524743152196735
.001708437242263611
.13691664469983877
.08864231200993888
.013602189427805103
.16684309401737266
1.1713004562955966
4.76002604213804
.6412690511604442
.1036559628775933
1.4266746183002612
.07872083466366553
.46572268653130716
.7416680868542468
.03636454318136585
