.14097831991850474
3.3296105675638743
.04292401330269025
.2329267026570813
.14840055491971138
31501365846535773e-22
.12467769543493869
.9954962476465847
1.869527669606485
3.6716066094819872
.04753473840555444
.260112687886939
.033461939222700854
.14574448356182618
.015946499278824137
.36907551216930384
.04556239419753939
1.018486918225097
.1884799378000904
.0713287126344732
.16129368017050424
.7306715198910851
.0391157825430135
.12609792723248897
.02689846238570886
.7017046032249331
.04138064326429906
9455305962928223e-20
.0038966903328259738
.04743791513757543
.046984007977425614
.007518733875181901
.42563802967377035
.5403965829150729
.060124634156642084
2.6110441328800222
12988991595768917e-22
.12026358133201319
.09363283720006069
1.0154521191342933
.0031751494323618793
.00944903028685248
.017742796868698302
.0118325578343202
10410674052462076e-22
.14067833482849632
.012435518060954288
.0772076696913309
.028044453530212888
.015083092392118858
.2765830494899248
.003596101786561848
.0002897363740890169
.01623156092207796
.08594920161402429
15588805672657428e-22
.009807368374531628
.08549786281628373
.0015758050627318215
.020834090539963886
.004154583770636936
.021189744908381013
.0005827673834256323
.07887515154937277
.012295888286184298
.0026055442960334378
14254467645392571e-22
.054008986978730245
.421485855190866
.009323616298179009
.010479599905227415
.004874384598029629
16339354144236144e-22
19325314710077194e-21
13129855033234056e-22
10258628618030667e-21
8382604845918607e-21
1903524973787819e-21
635963135179372e-20
10148652683696594e-22
34056157009034795e-22
12356677487918862e-22
12265417812020032e-22
21262431816494052e-22
21655586825558153e-22
12981219005689782e-22
1400970204595466e-20
12870996646577306e-22
11526489755711392e-22
30891129161523457e-22
2.161605366129475
1.2997474437854004
.04648984241761139
1.154345174371923
.0021795875526024913
1.3789800981637115
.3086584202007092
1.1310567139247303
.7975916371326592
.011240812815115929
.15808325210242516
14865059046834132e-22
.011221714233295762
.03693991933519728
.37429323564003
.7974406312039934
.1360800173993963
2.343541664485842
2.825621130888442
1.5338836908153435
.11284839995325598
.3151510183400451
.042322729703366334
10.501789758558745
.27736291240296845
7.333513997689694
.340022139655962
1278040071820452e-21
17161553236540227e-22
15511755199659175e-22
.2226408835030668
5.344842345236081
.06872034145461953
4.895677443743966
.08540926602406448
2.367351151335605
1.6904527226098953
7.806878660724081
.2737564353468074
.4103252132111239
3.327522437685044
.31622371910625596
.2612715833765849
1.8029617706577936
.30292808579656205
.3529365219526003
.114041371748688
.4884698936586488
1.1474664093191926
3.0106804806919576
.85044065760519
1.5446479478431583
.09153759934069014
.4127472035817281
.1819217038156493
.9589550329650528
.48984055191486386
.47450384484017477
.7244808935980093
3.265902991690348
.1074135191764318
7.00844839799742
1.8540617670115915
.056582940829506406
.335761026578016
1.0632186669070245
.21881202294121985
.039712075367788806
4536497783409369e-21
71.96186002788055
1.1508339202024755
.4297235690099592
.21465554058187122
10152951309419197e-22
.1554726340087009
6.298988951602172
.062041473136202896
.01452524760574219
1.116323273301428
5.368019565336729
.05131950397569831
.23448481946816166
.10486546089864869
.6140021331707379
2.1635692062860556
.6949112761323688
.38776859864666635
2783350593231167e-21
.04260103997503772
.27820095313916476
.23874158421747593
9.417688553970203
.3746820396018435
.909877670629011
.8927090032393254
1.81602664635856
.1130931777240772
1.5149970074850179
.056555531970816905
1.371039666179306
.020827809476516624
5.061115062602786
.528654872254143
.07896878663861184
3.352466084699785
10731314089628462e-22
22.790969954510214
.9094201811538698
3.719690730034525
.07043440657400091
.18790853484693446
.098929309445766
.3248905796108882
.7771970286613127
.0527894815265492
.944726477370175
.5462741826218185
.689234028355004
.12230284274259216
.3682847389151221
.43358185809026145
3.0509433870940157
.19273361032297506
3.0425512359775437
1.5328531219798633
.04617843855980102
.07980994931216259
.1724197622752048
.12148844505415302
7.138006703401579
1.320354216622343
3.2293806848978277
.36836304436841455
.06782042246010882
4.685445879403922
23.83678930736315
.9697247880834085
1.0394741086727721
.006000366392189055
.2800040499605049
.2163059427103607
.5508371740584689
1.0046754074965187
4.952333804206409
.07308161218321554
2.363149962921085
.06657660758844915
2.1716019347407944
.00898047548375216
.21594153878942504
.19515592463483197
3.757431252540502
.7021771235429967
.04920037938343587
1.273020866331382
.6313451484026552
.39945523342754075
.034278740998863536
.08994896241306448
2745896994942698e-21
.7225999190404717
.20588087589576026
.6704396172646204
.0197122240039478
.9283387528712015
4.042818030310477
.8073264732559684
.4418315962162293
1.298807258344857
.20056810067447753
.1124394605352702
1.0577733883157514
.23025126575418361
.796113772200761
1.8800544811962956
.290991621006891
.24352071531451452
.46592105496132996
.2209118855472365
2.370032392478535
3.2226929736699486
.3891552392842641
.14887421985943483
1.0546310853126362
.012993418587894903
1.19295720981421
2.136092904368275
12690583104649485e-22
.09242738354367064
1.177934820903468
5.28129253751347
.027302270708476593
.7233534943593359
.1911615579648463
.6336769815672127
1.9372899633404894
1.7938621493724378
2.8140708156317142
1.2239918381359784
1.878963514587641
1808244093337129e-21
.2692443780189871
.07792763911050797
2.1201467380679557
.015240299134512764
12.937671553915512
.07885983795770844
1.6657490235929981
.47998858433483194
.19811953842799115
.27946143982586136
.35733859297339654
.2782574530027873
1.6854533223162202
.4478103079140409
1.935305122844819
.020433427386012285
4.153295256432846
.4000549287197033
.4173716170862038
.0487913406132836
.43282107051538143
.09928878858953531
.6253903298045341
.006891566965570724
.8693501099370916
1.3714156437091225
.2889172321949246
.851424805899735
.003600667288146131
.014004422784234957
5.0594819996105285
.278022816224073
.15621388855092178
9.059272383028377
20375017624972314e-22
.03514333339512058
4.648503263870928
.3436348027165559
.029975898242099897
4.114172209980557
.3422301668394798
.7035231353206672
6.845466522746214
.04203093507830954
.3106469372129819
.04675733073844173
11242590698349103e-22
1.0406895842056394
3.543541900077518
9.724113942369023
.3195419607081336
2.493216947352378
1.0503522047814455
6.675141993498336
.8196579324754241
.437608090114958
1.2517709313764254
.36263560748710616
3.6504226598609186
.060370631782255484
.0746007978930182
.007926861382869407
7.511804340018668
1.553841626757814
1.015570551667431
.046952906206478254
16114502211483287e-22
.24929079164676357
.14154322211871204
.5497212938161326
.03377646138156734
.011597590303073389
3.2963089487701662
.255764719943454
10648200996061599e-21
1175774840559192e-21
15258140207106535e-21
11167807952824628e-22
.24133683275861068
.523156251799647
.01994378056754741
1.086995510108328
.03728291750207801
.4165036051118356
1.3238042767798575
1.370068969560773
1.4521918035326797
.48458457317072545
.9963478874251731
.024379688485698717
65.31109930415876
21.520590582187964
.0812873702014955
.03357604275419688
.4221981538751102
3.134651522770918
16353936879395979e-22
1.5911387216290305
.44257333424905804
1.539416765211661
5.304930312377663
.0009136475632806342
.23481651533776848
.015252206329339355
.32386530069133357
3.211477350882451
.3150689111344486
1.7982661558830972
.01907453956154985
3.037599799887937
3.0850409535710255
.6260274552289845
36.970487061528274
4.733312703568952
.3816885503978372
.5989854853108032
.3601476099545818
.8593930355426879
4.175990809255209
101929031254093e-20
2092449078554782e-21
.16632321282215384
.3109898024901647
1.1132469587087093
.6347924564218327
.19197599969694992
.7880066601477647
.02151977793710491
.08791161969854763
.019761511554866433
.9770942641695413
.7365820686655377
34.075429036893176
.546498074689921
17.833954545705407
.003613845343774063
.23921642073781132
.8323337518457723
16.8659009295298
.23461148735217535
.5955341512127016
.12227317120775781
.5555599541969353
1.2554913663336822
2.9663159920952706
1265099171135574e-21
.2341756036029376
.04928345315838589
10429801689856216e-22
.00023641583158359654
9.651052708913255
1.4819248972174437
.9043093857959054
.11807565089615028
.6636904796980245
.13445709330828046
.3274022125878757
.019298707517595614
21415800509804726e-22
5.687842515212707
.8254795831727453
.1143037507784099
5.328354747415322
.5031517875055053
.5519597776342257
.11094659062118381
.4540281305435094
.05095619665781358
2.003918573755457
116962194298285e-20
1.2281399182618333
.39652295602105375
.06944543110754939
.47554417287251693
60.58086590155763
4.127806195236757
1.039715878136923
.1580061125570602
.6198205831982856
.26425352832233806
9.76645522958957
6.782399171092338
1.4821866500950835
.011372944206128355
.521577883969645
.22364858623106512
2.486693581173772
.09960969044988169
.38740549198440016
.37046700613372535
9583403584339877e-21
.38915289346656845
.07356050226230697
.6772233531759569
.5058726827655807
.369519278575103
2.9370830695687844
1.4648634870910626
.2154889873145477
5.941164486741907
8688626091892043e-21
.019674884297908417
.29200346608501015
.652344635152235
.11679781905084763
.2995531210998537
54.659225170331794
.4538876209979972
.027910335229001503
1.2284010947907842
2.3080629154958894
.05063135146145344
1.4671455119610926
.0793387255745717
4.90340466169698
.8106870745882429
.06706130734056608
1.2925718054494708
.12070122626348316
4.866530788430729
.405825524243595
1.0724384375695852
.10574461459139559
.9888408583001682
2.083444724865816
.43664911062839284
.49711079419249604
5.540608241469493
.7047006206863109
.013636187637030084
1.9206347314896333
4.528043209272485
2.7056527948358196
.01789941695594
.9925317091501462
.23096061981028987
.050471463969468194
.12435495211641953
.6742158347005731
.04738192988858797
.19132468330279984
.35876689038510895
.2827829115438853
.6744726126207752
.2578378109504141
.37777995412246185
.555960322028836
.19993873291085332
1.933223625538041
.2127771723405423
.4207952709428643
.5477655397535751
1.238273274291871
.08303605600288497
.04637964271587969
.5744687593780643
.05902413223971847
.016543964770484757
.2625628600760716
4.50456350880506
.3115319616725961
17140842272825696e-22
29.207717963204576
.19476276654093708
.24555694127268687
.09687603043412135
.08016145863261558
.02041353873807637
12582034316577138e-22
1.0297532412045722
.3064426053388435
.00852615517295712
.0023691286852235626
.09504397012902321
1.2540024385583215
.18886380885794976
3.8907807942215364
.0008800675224996045
.13664303765535224
.9594903398308905
.8659061983413169
.853776941786496
18794974321753783e-22
.5074182188240371
.044752252357993315
.024356550926711296
.04737846795089436
.4618564239803215
13.318800396407466
.017092662174381715
2.4230459400803173
.49677719610927107
.3419719444255386
.18547135420230765
1.1543427283387757
10.740272175180625
.2966762061334462
.5201949825769212
1.6048417989348729
4.544967548694056
10590511459900876e-22
.05822592299513339
.12505376469471338
.1780779947947219
1.1374182259584626
.3185392397208574
1051745778280339e-21
2.8605985399719325
.14860899433754504
.07121878174784327
.19283446610543267
.38275190236614803
.8316290421994612
.9804330679769087
.530378914370548
.030026153997804235
2.0229766599856767
.1305354205029512
1.238087912010886
.19087345011699644
6.0166257440216775
.7336699062084824
1.9323542882621159
1.0718308047179463
2.423856945807903
.18120712726358218
23791096156524174e-22
.5895672641237939
.7213805197567759
2.4238821785033333
2.460132152195423
4.623251184528236
.38985952351256786
6.209307439916336
4.463464077511498
.31766253481764933
.5773297443337513
.0019119904515342157
.3982889201339429
.1478346528904291
13.435352400126071
.005688990836612117
.4317270141693987
4.094660408824762
1.0090203727329061
.2260207022806195
.0006270692866552964
.42406184942157527
1.2286828868131554
.07577199138125199
.6159971507863107
.1878124446944173
.2309052350897051
.020086302416419358
1.7823349424433983
.09730193934903214
.08029148618184195
.5029105894182561
.026922336394778222
.31263289925207194
.07032196312053979
.214434735655337
1.8945754417134517
11402338795170517e-22
2.3108162292790997
1.9149439176086016
.6443987525042618
.6386851607336423
.19963373106929044
.5332710234967506
11047938511392264e-22
.6593916345074728
.004493016616583501
6.201900218410853
.06140845683257351
.1634805987965174
.5968702158732844
1.3921673105663308
10154229917948453e-22
.16859187315180557
3.3792641008609507
.09221097240621363
.18371658053197795
.1472876574491922
11697027396378117e-22
.09039307276603319
.22370372157490823
.07830455398007116
.0832444149730722
1.292841867918051
.056724653934141715
8.546253602637531
2.051508829994019
.06840451557216969
2.2726001644007887
.832776476535663
.05222378657621968
.6206452719070225
.14295361132805426
.1350129064209495
.08189863886822811
.006849007047148801
2.0098791113015424
.38994332033489887
.9398759504902473
.034469086967308084
.5021201593407363
13771864453809552e-22
2.783236768523998
.3629739739095978
.9686843159179921
1.651387620644666
2.419483461991064
.004645513227093498
1.4353969670501117
.11913808098805667
1.1688760415647481
.6561418336379196
.28734701285540504
.08335002070341271
1.0014161112217432
.15423871172729875
1.4944142506484375
.18956222190440597
.4369562574194211
.9026009889096634
.7046250323900827
.0037387842223898064
.12834932382277395
.0553609722700705
1.1104084981521924
.2514385741742781
.1405744177193904
.12116241862739956
13032531863676615e-22
11996952580752456e-22
1.5611621406694702
10158852157397883e-22
.184300255544533
.24826036569251564
.4616441414705712
.13860018866785961
.4019260556685477
.2641663104176887
.05275973970888494
.12011482129120013
2.448359528885716
3.4157152364556698
.28815635493767844
.09332949285808512
.007042613571839564
