4.268524750154287
.22656883304920422
.23845175487287756
.9935256164562976
.3378178789535483
.006244854205828097
.0868590477532642
.40948984314818193
.1281505775146933
.2777870460246926
.08599631476627696
.04282073800183185
.31688725333505996
.15631602442685036
.17055493737928312
.051568339686263
1.593651914927649
1.2463522717987552
.3249601833428377
.15089552013306584
.03694953387333892
.28291910837671036
.5895658954848196
.5150070348104847
2.137822128563164
.36126178173401796
.09468080401361742
.12672019593928174
.5460568101780972
.2165559121685512
.09160799017778849
2.728782917547238
.07489505782619749
1.0985070195794924
.045585241771660054
2.1295380018490597
.03437080465264426
.0748152879540883
.05190374639175992
.015529639056409026
.054082424007942824
.006554109770072721
.023185291454517632
.008241360885625769
10116803932035822e-22
.01868479532059738
.02331733933978856
.09776565765856723
.005359275068093552
.02968742510848998
.12651133533388173
.049229589113531085
.019334213454908215
.08079641044600794
.003961238741994864
1014717050818182e-21
.07341313300051017
.06163325485090093
.002812258904625659
.13533846792855217
.09406127925342626
.027275585793707816
.004802060109234635
.0736187066693898
.0576755069613817
.21572883171875656
.04188587396878283
.01853932942609717
.2262886364110395
.05553102813452641
.01906166298962469
.0200492721911631
15347547516562213e-21
5703342054379745e-21
12126754885468439e-21
11444611313860475e-22
7650380793935602e-21
41758570811692895e-22
5546711101729094e-21
6601695726262196e-21
12042851721837331e-22
1390868784270953e-20
3236606036167832e-21
8154023843648917e-21
5380096509788276e-21
17603397365563461e-22
37072102629525623e-22
28153024895625912e-22
10107287705049898e-21
11002867191396731e-21
.6421185411567591
1.2121171984933738
11.463746752859953
3.3399029772912456
.15278714953517933
.07554909883652793
.6047564639913235
.37288459266284696
.24414088646166493
1.447182171106139
1.7743338204253774
2.197485227182588
3.443116653745324
2.181068008330079
1.7659012434682881
.38522139084942725
4.452403007632315
1.4127263028386
1.0099434365130122
4.880569030281258
1.2726027928081258
.9663921943970362
1.9233617862385208
.23677571272350645
.5089450858523946
2.3734800681726207
1.605247868284133
3.7551704174074056
2.376207720251423
.14601818521721663
2.288513169642598
.9513167342805195
.932818287654616
4.11631704927381
1.6497200437716637
1.7873781284413393
.22663077410743046
2.6619001340909643
2.4336831807026944
1.2505238422160057
3.1211781585661837
.9756199768653764
1.7887680328117712
1.4808536155739764
.03164773255177307
2.879912365700597
.5003023566096453
.34953453319410255
1.440287822260539
.29680179823335956
.45130125881935895
3.8195673104234484
.7294616684251735
2.8419440855193905
.7477334280645416
.14917861834064444
.6973388683194555
.2441791625571273
1.1120033942164784
3.846812662341298
.39088172878225724
2.3133166416027584
.44677567486671427
2.131883488643557
.22525298509736685
1.73597217225943
.271301990063819
.5235916555765175
.1585221827539058
3.0274832637138895
1.0140207626986795
1.3962292417229745
.4690495580869271
.6591026629390517
.10137770271191558
1.270597494957847
.1220912307051501
1.028143497189346
3.5764297560713745
5.585652057513524
.617462481870914
.30636499926112576
2.29800552398394
.6651605860750047
.8947339440534314
.6141025179339944
1.2510527481059797
.8960024823686061
1.374810283826041
1.3540436550246975
.29690412311014824
2.5187962294757997
1.878994200968335
1.1771520800360213
.291016625751723
.3025765798522629
.596779001667738
1.3997534414351116
.16267350543075176
1.1071358052602527
2.5529049982570773
1.665042228370901
.666173253102663
1.5072900186982714
.8337910448668382
1.5345526204124718
.44304166628200836
2.8769083330007406
.5636027240315383
2.689209929897409
.49264783489367775
1.8770646378589662
2.086709678190497
1.6781092829528121
.39031465792043124
.8914006751089729
4.121392681363881
2.4908642366741365
1.0073685121468272
1.6380392839954931
.9688252500210105
.8037863853245371
2.76077893136459
.7075206049045495
.1986223801928882
.5290573347281368
2.7543588537718207
.6749875106772691
1.5464990086479034
2.775931569463148
.8261297446328066
1.211844214415683
1.7952459352631662
1.323434873166988
.34706488789719947
.8009029328841764
.05032576272698498
1.7109216088940626
.4016421890372802
3.1402391818363484
.5044725775355964
5.2277600587269815
.11326026404729712
.5145413431817943
.2990683422811131
2.2395107796526372
.16677470348984152
.795261130108258
.8247165542851536
2.261384374037015
.9491951658540769
4.482248771577947
1.5013959333634501
3.7783548654956727
.2495684768343093
2.5176742732600554
.32982241997521505
2.3507353643104665
.782313276178775
.12766573905986742
.19604359040434283
2.38726120444765
1.1989642189282985
.6263241902292829
2.1045741705607726
.9112355735297082
1.7786910651872065
1.253330392797479
2.577447971174175
.7080903372644158
.5960591139431402
5.050438584335889
.7927586211776034
.5921785377361907
.12025564122187522
1.9121904251724287
.8653649231690161
.5435627153601085
.7045711268172977
1.0227417220992996
.3401026125510987
.5840933427390191
1.583125500036107
.07805601871495335
.17736082923688357
1.3888567758314374
.9583399538010908
.007658842798599106
.7108952541803664
.9559448789666524
1.372657537058789
3.4544334100605827
.1878708906558371
.7628711616004786
.4309721782120478
2.4409141987017904
1.6717915941338135
.12631096630598312
.11760605268484713
.7796297238445127
2.4713221335163835
2.742871276947399
5.261149217173031
.09015015551861216
1.5337127731668128
2.193502984944354
.9732243925151494
1.250172803436467
.6400614120539422
.5979458862902052
10376991306591145e-22
.6549722951846638
.21034074063756503
2.9154981811994545
2.476800998184633
.5214589885927619
.2855356931557056
.4497273597021485
.07373204175917246
3.0674905168922235
.5302825820125442
.52685608457022
.33497370674866317
1.3939172869757361
.8785750208765108
.710845257117906
.3196593177472755
.8107552541315626
1.0433913697066155
.32794380079629804
.5743756949795517
.8998665646356337
.0965906124936146
.7660512045059101
.4713208026719252
.7206121442371913
.19162720364284946
.8098235777955513
.30655725682292123
.49143491031903863
.7612244282748534
.4427432241850506
.8088873948538313
.5452890840490794
.34715463443979205
.7522667580273696
.4293649074135408
1.4749755143948302
.8141224531368196
3.7232096687593503
.8647864429877599
2.225664547730872
.08693794339148489
1.1624286637167618
1.0418894478236695
1.1364445352824377
.2822788266499411
.8986070987010465
.7924728793977892
3.0468550281046225
.11086355308850229
2.022712129534563
.2625443368252593
.9925875629134686
1.278951277359551
3.9445038701710624
.215730092544635
4.022735869845615
3.241952972427318
2.803342028153719
.6647167365858311
.10575163264766596
.1383304178630899
9.42239306443299
.5178081827587243
.542280317251898
1.5782594215211332
.7452713652012397
1.2074523700124442
1.4970903685115544
.3197782418458193
.10697106822383468
2.1513053263398807
.11992264790452095
.2764050704970862
2.547552903690552
1.8804360646734053
6.39614836949049
1.9665190958372905
1.6299376342208165
1.2681077732210277
3.6476929812055094
.45691646922713613
1.2229481060298484
6.973032664692313
1.8157829700437818
.555473855415307
.5660285333237147
.23716182441400213
.538115454660322
.44322694596135104
.8813435637566606
.5816654954724589
1.2654620458216326
.5721938119686373
.35286334853483936
1.4477188655265791
1.313886521110232
.26502337231524925
.02631553595965
.6243034309427327
.4861967403265672
.9473323719203488
3.2749660526941615
.7419116699426446
1.6712408163881667
.7970647162138631
.13759800845071316
.4863061005858392
4.814980282187959
.17376721791264332
1.0354272259577453
.5765375233677498
1.176294856982888
1.253534641702739
3.13674445977249
.26876378512357774
1.2035049131733955
.3145757352867474
1.0820155545685648
.8884503711409026
1.408754789250507
.6373992697040337
2.5436919112835157
2.2320905085719653
1.3704809030100362
.2680654761120613
.6562287397903218
1.1116301589193347
.6967042846079237
1.483455592043283
12.21118989099428
.664004804614364
.6282769928412923
.3233640941980986
1.138767101173856
.08390043987182895
.280920798092352
.006931824413098622
.5939225734700919
.3542143205421169
.5959049529167041
1.3505482294995632
1.6664820838024559
1.0512451863589274
1519319162448938e-21
.2171733572749354
3.6792055499113254
.1768040223368914
.8949562090544694
2.4401173860601837
5.622796523349387
3.382269155335633
.22141723621838916
1.0154233249282132
.1459307741871652
2.9785091268226536
4.638677804704354
.31973880756055195
.7354231630937523
1.6564372976461375
1.1335639661241093
1.211592347806662
2.1224574967852363
1.643343042836857
.7851272387887749
.22275243772639344
6.985720733763767
.31140811593210566
.8569523420649083
.8055172028426572
3.027359186343476
.24175463397572672
.7640862612508932
.6095941361046908
.7658674157498
.15539183605433282
4.565755949535595
4.549060626537196
.24472110274574874
.5386443839480605
.20282011499327454
.7773041230000304
.5681773325211983
.49033030442695535
11.392248660545675
.3219356641155432
2.3448177418324536
.0790659501221144
1.7059781605822568
.5731872160066374
1.1870016495343219
.03183138753015856
.44811399402595276
1.6128989677639016
1.9873262266531844
.8583093595062616
19.23383369488658
.1861944978359947
.8862443672646143
.6178281177069977
3.0126750839836345
.14587002696261037
1.7997636859456165
.4755998215920695
.32265189602181327
3.0526731885666423
1.2863860215428793
1.2666086805198096
1.5043445527517283
.41486562249819153
1.8906934332611833
.0712736878123224
.8532614036092504
3.059311896631187
8.010391804418523
.560830598768885
1.287757512033966
.5892376736947353
2.939534015558169
1.4608996867157855
.4219292454127878
1749455378498698e-21
3122277252159348e-21
.1675378276734124
1.3101293975323811
.46192304802343503
.7374289096514126
.10849753062017296
2.5870379806782156
2.079638890023551
4.612175714846576
5.509931353986104
.6298067681641069
.1260200479232677
2.277982254808582
.3905794568301992
.5920813741420234
12320586324468566e-22
.8665114168839918
.8211567786172501
1.2785563316344082
.24229814104318917
.22012407624305308
.7695296157721614
.7408324778573512
.48183346195847976
1.0574663279992769
.37110002104048584
.20242702530974696
.7090159154713757
1.2326988699600276
.9113538959627585
2.773618583214656
.47205081245418223
.3826402711405667
.19681745179820798
.29430303557675175
1.023122423422688
.37795012212307627
.36794084351307355
1.068119527030712
.31435234362514886
1.2900534465096871
.06267636591128761
2.1457213372568
.7641722247456186
1.2462535278464877
.7338232733973288
7.342092981324943
.3154370250534572
.29568815730630943
4.320639865504401
.4146795026096698
.20606035115274074
.9996370419872386
.6068732711425028
1.0627467215823727
1.2494990986316252
.21177728008436544
.3855949381461267
1.8457173093780188
1.525090694128678
.29082332974967023
.34749430403454
.2573735340471334
4.530783657574411
7.397269024621271
.27222559355312004
.09797904174003583
1.2751858311104334
1.6620938796520297
.4504719808975526
2.860182271517917
.22101703078932705
1.0839505485750494
.39866662997934105
.537834536399911
.9373136262670391
1.5796973369388072
2.594619565319281
6.999936094288789
1.8513990966004286
.8031445376986793
.14697606681591077
6.857677230186343
.7173002240521085
1.6701457029605873
2.9177893952151717
.07881638406322453
.18282993514796214
1.305297806024005
.5736680196032845
5.129049142841852
1.5675239189149623
1.4639408296733034
1.5457241760608158
1.1950560538335813
.016166134531698507
2.248623254342842
.3854443854575077
6.684801044214097
2.751213501460488
2.265100319916311
1.0307459070832596
10.380669779553736
.21063185333746232
2.3991308571182244
.4116794882039881
4.362966922204244
1.4120156685541985
.3768223855153956
.7832288498240602
12.271283080507647
.4589760917004878
.6290308100039315
.12922087233952784
1.307784837812211
.0449731702023265
.39286824070197984
.1156882899146072
1.2864669055140943
4.084024156716817
.261799911661181
.42735720681535044
.5970024200717085
.5932536124095568
2.852784483898964
.7906094661653295
1.9156035797768507
.18317708901036273
.49671490573543076
1.1881669458956348
.8841446435575403
.013416807701842113
2.495390002113843
4.776352910100172
1.2624795236237756
.9074408352119604
.34689159858153096
.9865756131148867
3.6296143217841705
.39265925755042214
.40556169957951116
.5405188228516061
.05776316686677013
1.06401842854661
.5101727107754641
.44360302779577104
.43506679704155005
2.573855857188937
.10907909797526734
.2758255010182468
.03704634604369759
.913896389704621
1.4587983425171405
1.3137923489643326
1.9486260033374017
.6248364598323348
1.274793647304193
4.350344604370148
4.733027680212267
.7863585940163459
1.0206180427985285
.3321188736206389
8.837740569759102
.06924197538857274
.701954192723435
1.410238865614379
1.2227813570307395
.8131789556911087
7.550902568532464
.178538457853024
3.9384076245504653
.5500178977083743
1.6301722583519174
1.3457062460369356
4.835619526003348
.2979875703898419
.9487196322891052
3.9952673874139006
.4829747161798756
.47692166608750586
.663591800665132
2.1899182543828113
.7713469020079049
.2826722721765263
1.2480353031570508
.20630489688195622
.7298647714713107
1.778351799386017
7.620143742746564
1.7564294050573614
.2922553041350726
.7148086498626158
.6913425278410663
.6923323460707322
.7481248931043287
.4217267127917952
1.232058334280487
.9642158676207954
.685367467567285
2.251801511462044
.8247220481938222
.2401254072066532
6.270838654979132
.11859266788548904
.9897776027766662
1.148087594166296
.7599486418835742
.0972789687669704
.8843654900648391
1.0913447612611187
5.44171563498791
1.265499539871296
4.080820323819077
.5556208088830508
1.182637333704222
4.0700208206812265
.6687824736687717
1.1054296932740966
.7408754241257007
