1.956539410628423
13657988909977736e-22
.7295935560894097
.10988744587041933
6.075382275583169
30102288896535982e-22
.6440643842100034
1.9405157422434034
.14071445679846512
1.0143175969171279
4.352042109889922
.5146322448493331
.05557618870204493
.18355005111529318
.31075585967233693
.037178436115543
.0006034646338004597
4.234113169244598
.27872753659774896
.02077702582686968
.09598708811036653
.8409498572027334
.30624724211280707
.6472481587512245
2.2640560294781302
.4788247158003492
.02424477158981826
.00326664838491404
.1562809315060971
.28872650871456307
.39091944585895694
.4545684929001369
.7706040455528725
.27005817517725733
.002901050333527749
.5512392174755434
.02677770794357091
.009253049854507528
.010354935118555269
.16692090307999582
.01091686793071963
.24308230050693785
.26579854798637276
.002971255108901491
6664950278328289e-21
.0485090999357843
.0067641010331698954
.02238417945529082
.0042573660749267985
.0015792302354054799
.8104269670707155
.025271144662194624
.002623480451721607
.13254780051767273
.03098504961941689
17936050065094116e-22
.010671224363014481
.0017978651400307512
.0001164163295004904
.015388867042516498
.02125013245086366
.003310181812800294
.001275726161794605
.004498013511034958
.09425607652999796
.002074746646145951
.018844389313583957
.0014182972214480463
2.282538276106771
.00035739270358796924
.02079991212439844
.0033654384884436793
31233979986214276e-22
10297786558581168e-21
10403391398076294e-22
4610858442891578e-21
2247632245460394e-20
9689638302961612e-21
15867616102748724e-22
14542610067887272e-22
22195178715178825e-22
10754528745356038e-22
10321102597800247e-22
19949484603751964e-22
1072143988267536e-21
26578627645913883e-22
2375538215205134e-21
3173891602702442e-21
1192627784561857e-21
4525542178723571e-21
5.1371956734608215
2.190354022029053
.1574131327926364
1.580331452607239
.014866651202489523
5.211753496246861
1.8980550741967663
1.0660962305698027
2.471199279042443
.49233429618599533
1.005180650158883
2.39164880151395
1.0592541422430128
2.5088413575768977
.15624152746497766
6.51621314409794
.7258769792336272
2.138450154009735
.4352486638727586
13.911252556734308
4.570392869503767
.8033185036898085
.07929414348459046
1.4536559492033716
.4844668382430284
3.046420757442571
.19240932717221215
3.2037729103467223
4.450738275103728
.040767673053427246
1.3272842622775867
.20471439506919947
.06349453616579609
1.2819313417336375
.13379445059515177
.08142569928595181
1.0469481222746375
2.401502617428979
.9609577906219192
.5994163179101177
1.1420277602470346
.04290383149822205
1.7884433494389194
.7505304379225097
.22153502456454804
.571195070014782
.13314685214923788
.7553471898743864
1.209062521791631
.5009655769882283
.6247830794337298
.3903449013373562
1.3040425736603982
.6532490485149296
.8431647637999594
.18017739331004473
.636311484736927
17516197369599874e-22
.10304986847431365
1.8119537243342467
.32188838294794875
2.9839841358031314
1.0231635535279004
3.75153210649467
.03518526255126549
.3425096815847628
.8033907494540118
1.457585803649317
.7602559183654319
3.9121697043946817
.026292696814134577
1.1208531361003984
.05244125387225464
11771469972670306e-22
.16308441515583003
.49432614675013237
.09462259038324501
.534402711314633
.3034164685639228
.5648975673104253
.2793064713140816
.10541502877317126
.11637984285487189
1.3717350464829179
.3141389798086055
.8840718052649614
.3707704767325472
.16320752026255944
.47845659426004883
4.707630757937586
.5022750185098881
.06902307887828181
.00769031383465256
1.6727577979865411
.464564989787954
.18320391145359555
.32446157374550166
.0558365540476121
.1696689121254551
.44027700352368376
.008211082029646597
.9934034450076836
.12228468267889372
.46078877304680926
.5722512738160579
7.478960408304477
.23172698743229547
.8267877444396482
.16964792011962398
.2712005589875427
1.5719907029689433
.2580460324445148
.14087352662760794
.06940592079843205
.7880083594899507
.06478724413499891
2.326267392771879
.6574380753931448
.032784841050264635
1.0410188838958385
.07211120475095287
.08464333639888863
.15859636340179717
.11580192698635358
2.5744863589985147
5.717161946584014
.04480908155694957
3.179834161629325
.7117376881373275
1.4963281626862255
4.320522195376675
.1768014705714913
.816786782108548
.37450446790744246
1.1816611154723458
4.799252707002887
5.049923700415933
1.1582737260133436
.17123991497694108
1.6268979795450083
.6568170661606604
3.892020144321994
.06165740636564918
1.6476481166014039
.06286969697583994
10.988804834495308
.37182299053104007
.04039550179584982
4.012745534199431
4.479153360636346
.18267004280682572
1.6696501333720404
.5281116492801686
1.7311999868404162
.29565562215343677
.3043212532991981
5.7750405229548285
5.161148505266567
4.097020359956449
14253265508332997e-22
.3198698627764333
.17844439423694392
.9282476143611379
.18569296717900158
.7460111203682246
1.506556482959892
11.238781185084667
.6849343532861207
.2692030964460872
.4640085449185549
2.1119801097650996
3.454599219216742
.12478435772063867
1.7351970066305655
.2124660368798416
1.4335975074346095
.6442774473106809
1.0482533362003732
.3496784920810971
7.460835270978387
.4148094081923367
.3051983529412979
1.1313746117909742
.6148662552531302
.09972224666087474
.9772735077015267
1.0167551558587427
14691670110286104e-22
.1974650077003393
2.9996808473899037
.45351181746164954
.06541542325930566
3.3479614267525895
4.0132133577885964
.4925444629324297
.15912651832002997
.035771028284774686
.9456209234321129
.16244225185948843
3.7137343070959266
8.450219662806136
.816683734477488
.9370654264969103
.13050202132303593
.036859804855939184
.11082904294596828
.14670873296058035
.1707231219995387
.3404459633259994
13.816930290011447
1.858773904648104
.21734566483526133
.08657940611339726
.6908238586878418
3.390885658685781
2.627664851149254
.12533464741165282
3.1908587899461986
.3558294280305061
6.502616627585418
6.526799173815903
3.2012160614614755
.19898532588375523
.47227709631849535
7.578020382071095
3.989468954817065
.6668303314835051
26.40596971135415
5.468561559298862
.09580513616111914
.7141730802518128
.11135136081211919
.3712305868414065
1.599215913812398
.10518002789192833
32464629305577616e-22
4.884059523611537
.43433123951959135
.35533569312562036
.049222446344924495
2.6140759489661267
3.260575532982166
2.747080823884554
.5395390742574576
.011235686675720722
5.795848856894687
.2267146826652895
.11540433239788044
.9564349180569894
.4595949436323432
.08413943246494805
.461598451776863
.10359534307324708
.16953722114888514
.3922886503924426
2.8504531768500456
1.7565645639682583
.13919040254810783
.26924751210491105
1.4700462957232647
.17853066813960763
.20527640107352174
.4174876907525042
.1919262865315823
10.925833042487938
7.657174852687495
2.3566465456076284
2.4603211119260044
.03226130837841446
6.505801354651329
1.0430240211700952
.006149295126630357
.1338707328745332
.40485163538537267
.1626255649567113
.018976244241165112
.07499402595953474
2.3245686905431864
.33989958289648975
2.109180677006628
.1379423798373776
.0757816454787324
.6333698764443871
1.4018137827723216
.5239480946591294
4.32575149561756
.5650750775483552
.008424209166830886
.19910318315002926
.12592398364147722
2.204127411106922
9.630101294046105
1.2745489171501372
.5284113048637623
.3094018727205197
.6869835068737311
.9948849161650881
35925177078450067e-22
1.3931417856898465
.8804266542993727
.13014122429116876
.6447684069641045
.006679530039993516
.36127810490469436
.09694870439352343
5.181331428559724
.2669330726499415
2.2954758365020735
.23515138646261638
1.7565485053251808
.24388021642344548
8.556868094086873
.8373518069871944
.539479065694721
4.999789461666121
.09439619590260784
.33728303514892444
.3073507512658753
.10471433012664745
28.269176754174826
5611634095807723e-21
4.048658074273733
1.0972458835539705
9.767946660243668
.1411595268779237
.15433458976689154
.06325002072720151
.22567316379951072
.1446177050178284
.018258485926132727
.05564135238480529
.06589174363601713
.10792002738822805
.15923877580986726
.7004804505142135
.10748999671746834
.9318413453163084
.03241200164912952
.3751631417620702
3.9711378931027816
.09687980758576505
2.5814305224527274
.34660956808768756
.5618194426591362
.11780831576911871
1.2128658924766735
.06897010153293275
1.9655413187850708
3982814566089984e-21
.0032115090155131697
.3253791626080773
.4017068974610401
.041602901227237456
.21458166279639174
.730030860655851
.31442718841848616
1.6530725493184628
.27590993523010754
.0467894002417796
.30659685925577673
.22475864772399973
2.5252456111553094
.21601332861607933
.07315031959696769
.4263451770141993
.2555363599826818
.8356110757237384
4.432406205166084
10886362821504582e-22
1.3126359981562334
.4019593700290497
.8085516049066184
.03382699937401032
.06011563665523609
3.924379863853825
.08202233546465301
5.830267032824901
1.0472256687735488
.9426653606091586
.16533532900911468
1.1210621381406294
.26107830149380884
.0487123634093842
4.698369332552796
.07642589769218926
1.4440620969873463
15725121213391416e-22
.6406151360621757
.8526020229758229
3.4962366656409603
.27446904539765576
19364881822123974e-22
.7227849811804741
.36582545130711097
2.378632841754533
4.622959070318548
4.5604994749434145
.8696692921936038
.4319962058208456
1.2758029344783846
3.701225345461736
33869534452728678e-22
.5700254806138025
.404322360663948
1.3463076335327187
.32438960029394726
.5523185875390164
5.285811543263648
.6927959780649374
.164702272873567
4.07733581720313
3.165293885922874
.026949471169126802
.20668364825117558
.0981509101202035
1.5344706413069642
.6620550892470135
5.33715696722262
1.5446719849502675
.6505053681560365
.5252257689152997
.27635505362031654
.4696573604370363
.5983618806243161
1.2865087194578602
1.4539301600076358
.22519511933810893
.6058486633749266
.1563225481935092
1.1841231057635224
.4668411819167508
2.459413548167901
.06404359390712804
.10586279006592407
.011887894562063366
.16687715105367001
1.4061132688266709
.9034927779167894
.13672933209238514
5.183007933722532
3.288743483056863
1.9045458430021456
.8091891316724589
.5104434629747949
1.1449259799960778
1.407387581440506
.37094611048735726
.45182266340949717
2.3043921578770545
3.4526680196774238
.8249763377855616
.03661633279506929
.04416908484500129
1.2214637122794374
1.341557291707512
.6277016207193382
5.040779995254193
19.72682371310621
.11095461016276206
.40842864696774916
.1515803308053332
.8828538073933065
.9195225678978532
2.636488119958958
.19640753031444436
2.170623085800275
.03231896453308878
2.3097814653711537
.038966166999731884
1.5716716303511569
3.000916282739022
2.174117398049811
.18348761110331419
1.619256986227138
.06633300270258019
1.4191386302725228
.5460419283590595
1.265739852950757
1.1538995422555645
.7760578932818071
.2869445654331627
.7378421557558393
.08233592970350086
.5857859533385428
.16689024734959693
2.5767025245416746
.1153406180159402
.5578344600843331
1.4148375071952892
1.2623009229722073
.031210037637354304
.012767282428742472
1.234196211033945
.14904546799963064
4.5862296082296075
.4131459025299937
.10337844287814027
.06031265437175573
.2755552257433145
.5909648880117185
.0912595532747587
.01374384772839362
.36724936285927956
.04005200201431939
.01568239405838209
2.6087349460621434
.1904307081539984
.047919500577057364
.48652873563818666
1.3389118231402817
.7202331789502419
.43733979345722623
.03161962765190497
7.250673671643892
.7157141692932368
173.30292887831726
.5704136812368197
1.1212252629712838
.9134621637816738
1.9735441199628037
.015592463946595206
115.778077342885
.4896065779700549
.4868112431996685
1.066440760777818
1.8869985096418664
.12526812734647869
.8078746710542877
.3265334375225654
1.1739538187095058
.04483004198465284
.16106736796453505
.6723843867977034
.8638401431023839
7.8040537084479435
.44431561718735657
.042923140879727456
1.375420729813949
.17661546429333239
.05993415773294551
.27328992854939227
3.8869468461704275
.031519007083116016
13.367567689415559
.39338442017187014
.30299739425267674
8.943253086597482
.5924440746614542
.02849384206679057
.8242094139484738
.027407648403688162
.03146062499812598
1.2362476190629657
2.99728848337819
.18192757736383836
.4848775169052952
1.4658479409883567
.3500889613591558
.5625250955642954
1.4739686727809647
.28837210126651325
8.519838245104923
.33243381953847306
.9509862198177546
11331153795116365e-22
.8452982841042125
.1404693641077457
1.9665028163708604
.9472550459309509
.46515422215430036
.7785328267087107
.2531401926319276
.1766326464740316
2.398829042414411
.5336363179929487
.4464886910410645
.005041820621670013
.8735453540099829
.29270981987855393
.02830886130729918
.08254956275362244
5.366505636114845
.6821347491321316
.20136386162186273
5.278819285995418
1873569078421789e-21
.5015454014994053
.15503398932022527
.38448529292423056
.3948834302653477
.2691847277466742
1.052480010167859
.8317512105745062
1.7032864438538393
.2210224036512361
1.1237271763942829
.001454447478301524
.5280709662028117
.2043384516836655
1.1008368322589384
.12041957452403576
10.455074940450714
.30103709947224283
1.0377692688767195
.1647002821360382
.6157716140347679
.12930321384742363
1.849090541536398
.6247978810343658
.4822537678596628
.8687313365431604
.746172580348072
.2343186118726761
.8658167379380824
.8493991761978379
.9876219747396701
.3227933897894294
1.9687667139357996
.26486903111649207
.10970193766914513
1.5151331884986101
1.1057700029515893
.9064566637166561
.07645887198631729
.7997766374987673
6.523749963486083
2.661006446156684
.7324630541263913
.1946542935658355
4.623507961638778
.5270298238653035
.017786980003867706
.22344764005688958
.764228398178579
1.2870029674189383
.251146297494434
15223645839728777e-22
.4148839528490551
.0015011086046935853
.21040494759979114
.06465398216443789
.01531706475120883
.12921159860477388
1.007884654059271
6.011403979073904
.6000509266963071
.09133757489183097
1.582901581146363
.066114379001087
.5153119148950749
.8559648174342795
.0378588394440781
