2.229187083273868
.4992160609594647
.044051055674652645
10520488811112326e-22
.11194466555263209
1611327202085392e-21
.13550262932049922
1.3128930201459734
.06251948411771696
.25450896480421786
.032574431172339754
.053616708011384275
.1879394069041422
.597782952518769
.10375618195343089
.07321135143584254
1.0114975509599642
1.0602340061680737
.43564606642145076
.017752593950722352
.30848382738235364
2.3172344253185146
.2831356932799995
.35651088127299235
.9139088284431475
1.1333302183315883
.05816372262990583
.05957445000414552
.10516997312024268
.1885228945880744
.11304049077531868
.11302396050062904
2.165856627542671
.01030385743056507
.056035148161818316
1.999819598378292
.005939279547839029
.01598283057500948
.055845923521209664
.12396002646169968
.0026484042518459244
.04158224751790442
.041994127186003136
.006871042085888616
10300532143383812e-22
.027807638345696682
.052093225345773944
.04496102346914395
.007919300515708745
.002802551130393311
.43024232092767073
.0038740753237946524
.005554872105182707
.0803759216517187
.04746743117989312
1e-6
.002976070016109499
.12875124852310874
.04735987798449137
.0169154439550487
.011773655117952699
.004258672458594986
11133243068961038e-22
.03170526236928701
.297377310978617
.0024166074724880017
.06969948400531017
.05675018841693883
.398289542583366
.011806691022608586
.2272631629861962
.029006659790409554
2827057906371355e-21
65055874518069026e-22
10320929206933483e-22
16436340341168374e-22
26703178118301257e-22
8666604341646013e-21
11202937536546472e-22
8784087361376945e-21
5833770119602191e-21
10190784334808978e-22
4526884868628601e-20
66818428946093835e-22
24890152507862675e-22
2703586662286882e-21
2124618364129126e-21
25269345633388306e-22
5005232029307886e-20
10863378099256295e-21
13.376432172910658
.3852803649105335
2.5786580961095487
2.923498023020027
1660716835561589e-21
.12106357532965308
.19740896366079622
.16567253719379954
.5555870710233268
.44936307808802756
3912316207573986e-21
9.816553096370736
1.0114207663170813
.3116966280713917
.6625527617643651
1.074082376431883
.5406654626162024
2.3640640547613416
3813267914161582e-21
6.526537501471527
4.243829478261314
.40565393971157776
.6486103866193148
.17920046044647311
1.0568110518257632
.36869993755707553
2.825230048914764
.6726066287159006
.038104710770922604
.01757387101587936
.8921583802176323
1.332050333394951
.5237900365429304
3.1190345070230747
1.5259484454834187
.8858616247171732
.024952414997572135
.19267718230766517
.5293195593973332
.4428428752366589
.9943992092276787
1.4685191252560361
.46204857694015666
2.544569021012969
.020625967368218274
1.2216571655001665
.2431761703287477
17221518855265951e-22
1.3010161025632785
.18943414530699892
.7409621826406934
5.004879080880427
.13094050791842965
.6653476742024332
20687286098870676e-22
.3663608498984031
.041679450970750154
.3177058321821304
.9209989314951696
.40525592304101
.2943518372792051
4.335437411053982
.8192712117247476
.030287617487418157
.19041389108805926
.01834820850882471
.38142662335704874
6.7081361165270135
.0314809578667507
2.215964720024435
1.4324353421492722
.2859793250746795
.4603165494842867
10133473218250367e-22
.19229364466013285
9.001253076634974
.6643507886822837
2.858742465084978
.7449492684716866
34.740374301007016
2.378082815543539
2.192190052490671
5.742128783586359
.8288459095772153
.5832852574476881
1945818420010438e-21
.030951607792897167
.09175222366910438
.35794948338140636
6.688030911119428
.9647441908981714
2.4159477187893583
.6373190808344095
.04868644786531882
.7169087797541478
1.7886538148211637
.07727392768494236
.3455990376412232
.14639918127751264
3.78581481813981
.021838057027455882
6.177568769153716
1.2226084565080662
2.89112835681027
.9445644907108282
2.8612817016012997
.2079049101576827
.6094215541028447
1.252971429902722
2.7578162185554675
6.156026804239333
.3753350046200916
.45543921439524915
.16799530514298017
.8300397639804874
.11383675422027376
.32938207491055604
.10161692086747257
.018956868424071793
.6387427787977262
.03830308678642285
.8446312511875521
1.940916068017256
.45323419756492617
1.3487343637496325
1.1486596226817345
.13074704894930503
1.7734306562462605
.122226324554331
5.562124191598343
4.832671067063616
8.660110988473976
.07320734370244991
.11964474890755832
.19658933784846364
3.0128487552884753
.3696013877993789
.42124586322067825
.059636955651131224
.012084456889183073
.24160975387135833
.7212034906756308
.5002179256906396
3.6075200379267534
1.644166150814768
2.3559251108616017
.40592372250351105
12432928868614559e-22
29907807751032453e-22
2.822175106086381
1.3640487659041416
4.184051092219068
1e-6
.6842403888800992
.15095674656741656
1365049939511888e-21
.11436369132300972
1.1864491654887273
2.641183542155729
18967629976894464e-22
.5328074397258905
.9498195281675461
1.0264293046451045
.9507428077529653
.08401107514236371
.08550040508352587
.9800114849290866
1.4567339462785693
.0374287575795135
2.8581790695747875
1.727890827875058
3.258313969758185
1.2965320018933026
.5472235232631496
3.7608404901177366
1.5576083532724672
1.3636750221780252
.0010685627129154447
1.3202640658282074
.09503284684314428
.7464179576216801
.17217551950979765
.08378793512555022
.02642694113624221
.12422650999411503
.9246949842749415
1.1052628539518934
13806687891290196e-22
1.5924872458250083
2.575701766118938
1.2795112294788344
.16740806402763594
.5912060280050659
2.7055756900448804
6.9249593069481445
.46702504037799997
.2934482419499705
.5251841055036921
1.170776882956658
.46733039857368164
13442779595252557e-22
.28956863404948474
2.248191627977706
.1612253203973459
.10646977709902983
.4178062085717887
.11381098276099798
2.254525555496612
.3543244303533653
2.579528778076844
.9000437188751358
2.4616360427902197
.328538228527429
2.6194844923725764
1.4888234687120145
1809475300997117e-21
10189172845428614e-22
2.3076930847107056
.013486116627272622
2.042365674967262
.24328963256914557
.7733296247882976
1.6090672260441403
.11813405939077219
.21191450718578336
3.642061575190935
.6133561577983142
4.581313773318395
.06465108400423661
10300231024118772e-22
.08270192992827272
.14869031476587932
1.3066638640721868
.3712248313470017
.036103598750764875
1750331366254109e-21
1.1004134055647503
.2559427174522124
.6676665634233285
.7517038371324374
3.543319689750178
.03570294085742501
1.8169962934700004
19.003033179743966
215930832063612e-20
.5349605766821768
4.22027793106479
.21964964983128876
.05596976457543558
3.2444716744511126
1.7082051594275214
2.6338163900588825
.3532115974005494
2.2206125267202896
1.1216140734921765
.9983605669567499
1.6898351274139434
15.416385121719353
2.006776502438747
1.2371827304764516
1.9414807015594973
1.5065263763046128
.36556160042654545
.44997340455626555
.3790113547572751
1.04829966076165
1.5758760548563318
1.5375425311030566
4.9971694448450705
.5552002479485517
1.913988316682847
.0025599688112454807
.6056629574229666
5.944243324560434
.1749400034793755
11978745336424966e-22
.14491000831300008
1.222795061433581
3.6591312226229062
.008605401163595002
.1044027424177226
.10052205382130075
.20078567245527595
.06522522412046292
18434914947603663e-22
.4394389567869612
1.840400315995761
1.2882937734185314
15.30903259429778
.7452940319127718
.0008691117057710724
.2337439201535086
.6890659179753242
.0728598154832243
.7772010638063305
1.8053945505983928
.3402281622840656
13179518495821211e-22
.49112461276035724
1.7785659031983103
.03898605396209573
.20836890534357883
1e-6
.47578612494911454
.14981943036089942
6.811167316307783
1172277468744348e-21
.15069591833068843
.32281886237886376
25028249912273484e-22
1.332473769279191
6.533264971572514
.29938657500264787
.14906758268140588
2.7017463528697934
.2866903228906751
.24101146071308654
.4173663454857788
.6291180018581158
.7447262840132091
27041548525750274e-22
10500811668028593e-22
.025724999845062244
.17518843939750556
.10295541171249106
1.3738375052324006
.1392082121860115
1.52952500175776
.8131220130134375
12790746321731607e-22
.12544098900360903
.08468514672026532
1.508282156155849
.6311457559407131
.7563882214115616
.6002572641800786
.9196249328032032
.16037243230409332
.6131212699382352
1.1368461025631558
.18211888435374082
5.973536885334915
.28221478934916167
.45754286442752795
2.8158649437934815
.22788969842963175
.02829132380365472
1.7045609089641756
11218555308873969e-22
1967541402829426e-21
.007672154920808255
23569416112232234e-22
2.7509315052363195
1.1607006308510088
.37039840070122976
.4430763244710852
1.0890253315173002
.23393279880958784
.861500061971485
.035655553840232244
.07828035139585529
.9815969744570348
2.110321016821203
.04774033762128089
1.6049612034083844
1.520284791630556
.7571154589854504
.7994578993048682
1005860672774938e-21
.735872317823053
2.2305811464785306
1.1007856771287363
.16255781949534365
.12202428275910986
.38006519659243704
.13216497271553082
.01110830986666124
6.509831614426413
.11888063646099249
.7888766685627667
.0448192628478588
1.8865060446149946
.09280522608990933
.22625449011432233
.18355679211808582
1.2890017503471414
.8984743416913691
2.1934058658682067
1.8894755781414103
.9037828284269146
.21043084785092198
11078838703933286e-22
1.5346509955324223
1.8728787810734264
1645975316473934e-21
.2111019979897902
.5346434450993057
1.7572810113998076
.20232141419880642
.7443297597118927
12.96402218562288
10061403494928297e-22
1.7256718308149508
.09026417851265654
16759793224164163e-22
1.9562762362930894
.6367567912831376
3574517918252832e-21
.15030430163732786
.3572319134056697
3.112323288100341
.576873736966839
.6553863255907568
2.64275396593335
.2724426820803444
4.106959059596015
.2834578449033755
.2187497169896995
.41170468105454155
4.71743376864237
.04107953398440432
2.201954708545446
.20743219749081604
2.9831960356227816
2.7381514761022188
.32869833853505087
1.3756225526244577
1.406451622052285
9.304321536094637
5.609631809098113
.05283152365604646
1.2754041577230375
.5983575951783596
.1338384224059563
.31810105907098
.8693014528735458
.06115609187834355
1.859816491232904
.2267825209771368
1.680477648154534
.28421674983206774
.2086351232832262
.1316146683710765
2.6892433123229096
.2887683745157057
2.062144031646107
.14813079593589434
3.991039204380561
.12403008395430115
1.0591812602183395
.03956334961722142
.22249679104587403
.26243028467576934
2.424380502512664
.4584468096839427
.17129229695281836
.7658959425846685
.1500840765790802
10.820698918999279
1.1570918065316331
.1890182072126145
1.553098339651784
.07208949504500102
1.6595914745991807
.5017631779464332
2.730183448588604
.5490590711656083
.7704272414040518
.026248431577040113
.06688291188934303
.3093088130232349
3.2215141314006988
.05312281840964591
1e-6
4.628319468296603
2.0111473773424176
.8373964922169523
2.6626713130379205
.14549121967590695
.08410623818799078
2.111703642608813
2.5447503160957083
1.0906723748295915
.09198404873268809
.6838522132261776
56.125892822142646
.1942210218357633
.4198603988848758
.2173120235180778
.62060121549094
.046256591322945864
1.2562902656190236
1.1306255640375478
.003124943494811452
.9396849122185789
.9101541343565452
.09154039944406789
2.764632849443431
.331073589244029
.3786144146397442
.8866623031850677
2.069161541310701
.02365563078338802
15.961719326123214
.43956317583977417
.6642475491004337
.08842746946910049
5555400867913973e-21
.44741848771393256
2.4964636893130616
2.6678220724545576
37.55739626708487
.24637800624761313
2.9216835534091388
1.6771291316528856
2.3758493860152567
.12427311841259095
3.224919268084219
.9082224602259468
5.252076711420495
.355769303110054
6.837929172313193
.05794029747697447
12.529017340945822
2.4147479584522427
5.281686507274175
.21471621619258513
1.2288477038210799
.24375250715543492
1.5964975456455068
.2744829598799786
1.2658706652840876
1.019076136540606
4.775345573254362
.055444309763125976
1.4463912476278833
.42807184938323367
2.1951337130550717
2.5317447183467436
.858976433762131
.05443762016907963
5.350242960163812
.07875727747293994
.37443750811798737
1.7497214093575453
5.67755397866046
.9188526239046065
3.6039787640825964
.11453353924639137
1.859527787932219
.11473978436671356
.5879245406812328
.5163360220058724
.18090428429154776
.11076990072172789
.25663914324888754
1.081367275414388
.7689812479432717
.030301531253422474
.8834579227858103
.08796141514691026
.01896339917161971
.19806120329902643
.09328996886243075
10898974194879835e-22
.0936304482526784
3.5201745663801245
.584864732346152
.2289172150115164
5.173757993753099
.5961937399465168
.41414892039113455
.3625856076706562
.24483070628337789
2.8751728631384257
.09429202173742372
3.064406089857107
.08791686220106948
.023965550480093026
10683154237033202e-22
.06098714386216971
1e-6
.03453125171120147
.5749637430977433
1.1213898058893985
5336197409443493e-21
17115935585541173e-22
2.636007866239346
.13308419544998415
.2180916891811354
.1795631632835646
6.477845184080058
.29662723488612736
1.0061798772443984
.14642634093685813
1.3010624623571319
1.7633017425016329
.9046595672675645
1.111759042404859
.42081351733138034
.1245705333389453
.27221131821176026
3.833017767854021
.15764061813049243
1.275081325275386
1.0738968295289104
2.725025698164929
8.623605030845166
1.3963441345998888
.02004406480396402
.049758021065181096
1.0087342208784966
.05298661144157718
.2440204779639841
12.119494016845863
5.110764174104482
.9736640314181404
.014116848570159617
.43454481665222044
.8794380362796286
.06343628470487028
.41917925650835913
5.752009598886133
.8655825056838866
1.1347032454584045
4.20769266772465
.917829204030735
2.1136645197559414
2.8286591206616643
.4774741341873745
.16419868547243238
.7863864583192455
.20559893045467845
.5003952573987872
.577561151416086
.6255205817011985
.018092506892681975
11.370679151736697
13463581734700581e-22
3.7046596424211096
1.8625285028852365
.5946818842093679
3.371775292643997
1.5318956112821551
.4307010038688527
.030541521040028885
.9620179955402326
1.869287251115866
.24365077074710711
.6978865917455613
.6449441737548128
2511047628116268e-21
