1.8018683729841798
10604113559429603e-22
.20622268702848032
.15709633499345066
.4327761681611343
2.2847191306498473
.2250850342310809
.249238384392374
.060240774543635155
1.8181640409631763
.008058286589204343
.10891875186544359
.014421996808053105
.0009097920026090877
.23317272005401218
.016151666881944308
.004219301658198609
3.4151965433637512
1.5739300984561475
.0515414229272943
.14907388095815932
.306641961728023
10492855965952036e-22
.1059048155499176
2.797573491942779
.045508344071928906
.3191108803116346
.007933277265323996
.4189619475011593
.8747008897951769
.45223354280773187
.3610811866279316
.07314419674785207
.22741902577007728
3.5051898757955824
17.827883716816306
.07295252043673756
.006969954457042625
.01558082614067993
.011440022381954771
.0011940998522191094
.012962579772805452
.026761062398091617
.04699693214947108
.0028985532216827216
.03788142464883886
.027060369632683132
.13718266801944856
.024886978564874956
.0029462201147476166
.7786171099178344
.006209897949012371
.0012305468096754384
.9506862532190927
.003360253336021369
.0005026019058736465
.09130266379437052
.006333275933685986
.0007160688900820736
.03756790428805398
.0007511325730981588
.0012920616493436372
.0011942712011473475
.10095200660226802
.006816807787280627
6.750544371146968
.02737607294872535
.002140706580395687
.5923324451194374
.01372891255282925
.016614294085219018
.10728006768803229
62559680827164035e-22
12553781744037891e-21
1794712809847878e-20
3843287547185798e-21
27241503530693397e-22
25348455031709624e-22
2321270728737022e-21
12572066493796623e-22
18491459638905424e-21
10288341607745066e-22
8151074313781881e-21
4139484986076107e-21
10645643415873071e-21
21566094441460706e-22
21811186196306974e-21
15816084830412778e-22
12598121361836678e-21
14554977697858851e-22
.0780424601384214
.059860365989499224
.06410720666031056
4.803543684912966
.3908246504120509
.1554885479131244
.619341041898194
.289017701573702
.9569187784662354
1.5855655314549355
.21551558826341716
.08108628556443734
1.014618364207365
.6788980319997295
.3717578646803864
.6217435831378304
.4474705269104241
8.902183591463855
.29640970423717494
28.37523781292317
.12084380117722612
9.095827854235836
.6531674701117861
4.122570337896676
25.763444417675476
1.4836935256638395
.013235086049580925
.5863493755033954
1.9095188424476484
.6255396692932159
1503098401790747e-21
.13124525847919735
5.6397625157422056
9.045391283288353
.06490476788255588
.2064597902528682
.45677468109616426
.3906188621172615
.3862538273346519
.41755336660948483
.8539449169259659
.9159109653553336
.7734095309907512
17179580962108908e-22
.014128568376979293
3.8867196789382668
.13006723737887577
.574912644304257
.15394042541219105
.7454644675919184
.15269592212063857
2.2989672552255995
.14404456754727563
.6880354648842345
.05296551079917603
4.0533078168928025
2.1016173065424755
.21070265951472805
.7448936804849041
.6968909323374272
.11433032505713012
20.970744539630953
.027460777554926093
.24423048505928968
3.631569712231788
.5710052735930943
.025134893241772645
6.810658891373079
.07167723698015352
1.7928067400197256
.1867242938057741
.22884121694583376
.13715768976138207
2.1362531232085717
.6126816860621883
.14617554878615485
.07840680591936394
.6751297017440279
.797487830346632
.016935254448959824
.6263686730632615
.07843140851441027
.7066396470186828
.02366029094000298
2.9436168619814476
1.1961722702632014
.13924655150706894
.0016017035828635494
.48405646963835985
2.1563053017761065
.2174316505620614
.11058708502979708
.6370719643338071
.5050080498989858
.036673484349443605
.07472474266167753
.045928725417327995
.14544257477828942
.4842348705095316
.6391767336827974
.14122217291977263
.41681219394556734
26880783813589835e-22
.32981553381373363
.30751376289219845
1.0337709971658542
.9755173893190547
.014061970012947341
2.3024788492147468
3.2850784110073477
.7883198196633763
.0312046916074606
.02047077102274269
.1427907589886516
.05744824179542198
.26315514850862026
3.8502788571411455
3.591491963663905
.2314887505026785
.5926347366070233
1.8471734937416207
.9115666390672748
11932808978486143e-22
.10888646466718924
1.4221807800547352
1.0021118875126438
3.4306920610105847
.0766169823483557
12553610486703584e-22
1.5383784523733657
4.1535937731505586
.09271342180719128
.696736657063913
.3106060379983174
.08009676419449731
.02130124785218885
.37813725284854743
.4330231155553181
.18517138031107788
.14426048371804265
.20854915739703012
3.6902261265962326
3.6332371517875197
.8426679082591965
.1615995536792957
3.9621862306344005
15830657690815402e-22
.22029735850395066
.32022305844799714
1.7445914913600382
.812989854041957
.9522029453742673
.1325584860891383
.5855440518100357
.09968676463784304
2.3978530155537547
.41955953883126806
.2735349628753489
.7206250461510875
.1682836656798253
.19745617676678112
1.1729141367662768
1797434822390931e-21
.08217754405544497
.029341965393539834
.8637675715983212
.27546097032408856
.057155438114513776
.30234087895294404
1.6803337038063615
.8162365471043982
.19630982944048536
.04812155988241369
10.83698353256645
.7408948694112037
.44670135946001704
.3077560677661836
.08605220996334115
.03912539097258273
.3664299624060417
.7221942439985567
.014528569876288323
2.8199508273626384
.040108479883317213
1.22990925961254
5.298749532208069
.22439239355091856
12648871204168933e-22
.044919532324063774
1.1425436541103207
.061138561837956004
.36160373645956767
.5163540350223832
7.214212093745967
.05765583103166844
2.9806580146616626
3.7588705091519508
12554562529593908e-22
.2143436806273468
3.266045635438541
.3559358597610116
.007036877604318129
.0826304212844685
.7254648204326677
1.0276683663533486
6.404962168555265
.31648724209334134
.03963634070867244
.9952809273675425
.32888405956901645
.9456015919774553
.044500496159275635
.005519341253465654
.2643621126407671
.3922107906646596
.3154579405197344
1.8551694115019148
4.941775405918013
.04288699785521617
.48669950008152063
.6235381256225883
1477214453566928e-21
.0183597403839691
.41686673330513085
.0029740252117309188
.006866177122446741
.016955437284129213
.18746676959092728
2.5013613240297516
.191514136122291
2.8839389462069
.06472370964697258
.5741173528501884
1.0956426907816823
.04907676782571443
5.429069813074321
1.3454265089827735
1.0144440599417597
1.3640311965096306
4841138465069607e-21
2416533956042143e-21
.32651416261866356
.3171436947037715
.6734718522802504
.03193803098124257
.04693092230703791
.01932331546441096
.5920009380407933
.7238128864072111
.6864320203359602
.015304379220951552
.2844143653576168
.012146976163343516
.12616679350656915
.1453561347561984
10.189465266236839
.645181131429212
3.0281437891839027
.20168253366589514
.9067716315745158
.1389402775422433
.03989548407430988
.5349435244223991
.07012854302004334
1.0261528076157176
42.44018141412787
.5956615861662965
1.2727455549464601
4.5297426809191705
3.346415376282499
.7839432016694192
1.125847083921645
1.2267991110482928
.08076272740654566
.11254536558312776
.21963887877884783
1.158323572190392
1.1611733354872005
.6424067706947585
1.4569648503176194
.0017127168082306692
.5784858750652362
.4302767451573912
.14381783779630902
.1737949175235551
.013687511220114235
1.2167864557858845
10.885309487753116
13358125124339865e-22
.43970954128621204
.10608241616135455
61557915504801055e-22
.13067955442537627
.030238424933947114
1.9487724064636147
.11604789778453192
3.041440330660265
.0076828796086220695
.22565833081564723
11584466373919466e-22
.05100237804964852
.5484642064497278
.025435683742700277
1.8233543942135642
8.072215267274386
.17229529005268734
7.387755558025026
.1762797589906636
3.9639402605051446
.013741725739968482
.09360837052426145
.21054523515031554
.7918903900172705
2.274707851815184
.9963462540450942
.995114264560883
.17798545585677866
2.0956238688615367
.329629064853335
1.5803610175188316
.050107663786189395
.16633149918211332
.18228783680820088
.4918027839509412
1.2907425070550544
.3728815560710976
.23708783241293435
.04027803298838524
.0820347745199857
.45507586819992807
.45441739042273166
1.2614640937352268
.18562185742086007
3.660109954151659
.1122113156180059
.10493932274823756
.08839947788715162
.37921456349800986
.0862162586611893
12.35087571891883
.2350104012953542
.25598628280261965
.0340374788186201
5.800051694238087
.12916984585978158
2.7820797272752746
.11634373246432593
4531512662194737e-21
.006743113126316364
.7456675596028342
.476806213289212
.34546074000624066
2.376928751777222
.7605875389365
.03182906061719471
.10216761633692524
.27035903175055753
1.6437765137012326
3019557899213652e-21
.702886953854478
.30724698554271446
.10482743866908578
2.539452608908236
2.7997195908045005
.05605119439949676
.9520125374776338
.389194692403497
2.594639667482667
1.8497545251987977
.021563387556860387
3.4707523050369207
.3651681270473751
.1033740057721819
.05748897698285032
.5431254128669828
.03203363990371269
.41895473240894726
1.811458155851525
1.6054339185654816
.220536081645704
1.7033100449905643
2.568370398900538
.011325429143970002
1.3748802962371758
.09246735197921217
.6314499479738764
7.079965864088492
.19291450463940565
.3190057752774587
.23118912055488605
.015187299283590253
.02685092048477864
.7820817685828693
1e-6
.2117361204552183
.43044495670899424
.1235071259129247
13719647931482556e-22
1.0755707229335965
12088519396266625e-22
.5719508233195645
.6780879566839592
.36338431997234805
.2993521756117622
1.2164233878474833
1.115082261821072
11.53468404266189
.14574436770987992
.04007125574170671
.07839080320339888
1.0359634934921949
.3248768236478314
.6065121846656372
2.236465465177987
.026264946940663145
3.0100220476341764
.3468048026757491
.0007228319476419702
.3795266926242774
2.2694476913315933
.2851037797636927
.28412794726878426
.15469921676263176
.25316464345323975
.35548275827203957
4.411545575182087
.010034898690079482
1.0072549851950323
.1492383745419684
.3790518206248553
.2110534065725087
3.76198416765604
.827104568877199
.04900689162203861
.012845990485742493
.1488253835811876
1e-6
.24634334744737707
12675325825984247e-22
.32416789691995246
.04560776619438604
.664677854064932
.10742302823403342
.025899188696179184
.44788928465793587
.47180982093660195
.07933051960223006
.0210021740182223
1.7366497319124357
.33414942967462247
.4383562022945523
.6107385471225901
.005371624880647489
1.1815317371333887
.7167952477057539
.19729714869196927
.03488294546209543
.23600242947365294
1e-6
10.93612784366781
.14119890647464695
2.3135085401479816
.10699076632158158
.06955445211650474
.17514535303971465
.051900467808784934
28101690769552997e-22
.6591840102464149
.010587545998333742
.12429573148382217
.5944389985435731
.17668052949811697
.7331810806717203
7.000281167886751
1.7701742406354024
.22755860667856156
.0037934573353523623
.04456913839874535
.10439608471651618
8.604474862605473
.05701564917707435
16.49177966842211
.11226078291185602
11.35882155820129
.10681410117397061
.21343391471531986
.12057388475316928
.22394693682805375
.09828283215089578
3.539787201388352
.0039841840450235136
.05672072725892248
.0458581079842883
.14835173343705127
.014615992457962215
.15555595878470163
.15384944931220146
.4353569490708391
.5092039301703756
.987317923593092
2.478100520136154
.0470389019732696
.09708757766007388
1.0554230042098312
.7307862779135468
5.439462138484718
.03320211166829733
.29227276450984957
1.3569694254081663
.0032195222653848368
2.2486240160663735
.6667195089076716
.857934582952084
7.607293716987815
.13354547060253216
2.6583503982092314
.016910451436419165
6.406153712047523
.466122807124958
.053059098633031265
.16276499325351174
.43605473235136816
.7551907215604091
.08427748490438855
.8600797265487975
5.505497462281441
.8635375234417303
9.248535707364113
18198145191474316e-22
5.5232156833429915
.05677972723243422
.03132352993892621
2.0104804149177498
.08095705661854675
.09684568555085776
3.5303186900523853
.16708848323846742
.15584056733625457
.4581085935887625
11960486421891976e-22
1549408966804366e-21
.07573961798566393
.006740217885300974
3821329372529207e-21
.348341491158987
.26937887950752376
.017154301052519104
1.5435250362981676
.07194479988568823
.2395023939484275
.06756768885376417
.17802723254866248
.23620689538677475
1.172353423068776
.5160148535536225
.8387216548122901
.5743886317641952
.6192102948328503
193579181959579e-20
5.818540162071452
.13877914592636148
.2189180129477594
.0024867414235627393
.053417328843695745
.4226399055222347
2.0223174240477233
.12140833604332887
3.465560355649259
.4539190143688708
23184025978809927e-22
.18471549302666757
7.240326091788591
6.552693396597937
.07753965348406859
.08623413846078096
2.5556385060889384
.9827702078563939
.15837377933676813
.21330510320140245
.06414836081991068
10009463873988145e-22
.11584480480275763
.6566866243208653
.05596841173881893
.25133623193594756
6.529229718310436
.29247327861226213
.253858190981491
.36644362507227823
.9167328905327545
24.69335407133232
.6584969492721106
3.2697469681558866
.4514151049717001
.42466291526096
2.303995955966637
.16199230080265628
.4276058276793471
1.4411751588130048
.15552733772376212
.14576546987212366
.5254406184742393
.5631072550008104
1.1147972680630942
2.5063126753046543
10.619197824548367
2326163227443521e-21
1.8562304625601442
.6244829251801064
.0395618517990572
.011072834907894779
.007578520472428395
1113095797645003e-21
.15688318132154674
.08419704426295742
3.935352099520268
.12800531415242497
1.170781046842003
.14298818869239707
.8675895256096093
1.2100814330884153
.5268101118298721
.18744647004897996
.06345252527997752
.050816688534421735
15417052378444207e-22
.7851343712161976
.8369336296376146
.535928337652267
6.902868888980452
13362705376129857e-22
.3440727012847483
.05376455501188491
2.0700621689460323
6.324042203507475
.6130169604636967
.06652226778837152
1.0415821747462868
.14105683629317806
.12067434931412412
1.2712678635555417
2.557094650802528
.10805609009344316
8.193283324483845
.8720575583480955
.26840944402352906
3358398678728495e-21
.005267268955141225
1.506629148509938
.6432887967464475
.048778733620422926
.14565067526827818
