1.6547533727721488
10149208166224343e-22
.21740259657552513
.13630530952176564
.4061452764124022
2.6587063092612935
.22290784587407542
.2534095955357393
.06094500136538038
1.6656472116561942
.009355323766139744
.11176907403259231
.013243232702809504
.0008648230143524982
.23412531562557792
.01658123583187977
.003380581300157062
3.183439824327948
1.2497191490121908
.05145099854566102
.1489992465194516
.3100293051894396
11402730468821797e-22
.11525669130027996
2.488243072693237
.04249333451756934
.30102534431230765
.008200110596511446
.39835155907446973
.5994009213990137
.4650746580136974
.33651086808740066
.09108828925106538
.2166310386404663
3.872819746114568
18.29293286735293
.060231502926938095
.0067612501242254675
.018398573935598656
.010760881429021416
.0009861253325976018
.01511505412282525
.026730328194034224
.057316679862497624
.002730315819399556
.041669064387803656
.027673492884781322
.1392516437004878
.019703815569186864
.003237669346935523
.8437431099755903
.0073210869558416325
.001242792992252702
.9128271244672331
.002903724584687934
.00045983942274959377
.0978128128137613
.00624161501661085
.0005864369580890945
.04544546020107521
.0007532653952837607
.0013428904074710374
.0011730316013181296
.09588323931315802
.0077017296861906625
6.839333034313521
.0245472861367814
.0019423404438087203
.5049629218689411
.014833286475335597
.01511938168265664
.1100057171646319
7236556677955481e-21
11292218163923433e-21
21397898449861643e-21
3458227060083315e-21
2681449709706021e-21
26470418436615112e-22
21602702258462437e-22
11184909723803307e-22
13870982418124039e-21
1e-6
7901820248467573e-21
4259693252566748e-21
10534347657230593e-21
2076248358671222e-21
2249610602223636e-20
14646001403422727e-22
12095883010123742e-21
1469565677415988e-21
.07859506378632068
.056185869499113375
.06517808672068277
4.488162783682746
.3733056648232413
.1527628266609809
.5478478131017754
.3601566967408763
.8244553003483097
1.728902790153654
.199279005580315
.05770399430132542
1.0524472428467317
.6574628129151372
.37519604487117714
.6349074049640303
.450829677102639
10.199550967598825
.3334869846259455
25.07922316245967
.10825943323785309
7.806260403816202
.6411849585489869
4.021760614708716
31.781431243669438
1.680427136391617
.01386536437111446
.6743659553894292
2.2045480297581905
.5646446545095902
13260939140489859e-22
.1796572763356499
5.6951491863617125
8.301339150752701
.07476762892269381
.22070335062498694
.5178438310080986
.4474225699414137
.38224539016115555
.2918751154951949
.8016945481439922
.9313085036050106
.6797288261391671
16593037063485528e-22
.0135642728377407
3.6084601997170527
.13967918857646136
.5896931949460451
.15140022460366673
.7190136717638234
.15055373159201063
2.2683143809194837
.1612790717431291
.7901866686544787
.053612155797317256
3.895604483890421
2.6487636677799573
.18494448714818598
.8189353599568349
.7009226900097169
.10703854237095382
17.699027341623008
.030917678686438906
.2101100915477457
3.5162059137542445
.631987824877497
.028621417831026476
7.863568193750098
.07614366855312645
1.907961708062565
.16058222727617177
.2244919149631705
.11896523849640887
1.629917915724425
.7379095985908386
.1413363274080013
.08968479428663473
.7092728315680263
.70841292606449
.014488396755273704
.6808309721356363
.08099136615075167
.6755925196747452
.022525109655150893
2.806432979419674
.9923787146488872
.1285641917455936
.0015707675018250403
.47929578921777927
2.058811154260782
.20989057977982717
.09267127278136716
.6655532272559145
.4683528340537894
.03408754618292131
.07101964916620365
.05161697607980619
.17396245512696323
.4993759094680834
.5952808030210847
.14056031751298625
.37794521285002025
2219125220210912e-21
.295613338212981
.27937874033261545
.9483204583432033
.7915136024834517
.013618339061711693
2.3593793551408053
3.126675482762439
.8619170236628911
.025901362989806026
.018005482874778125
.12792888452541407
.04658661921468954
.2343726094837537
4.180146000300569
3.1529468700543726
.220112966092545
.5738185972148901
1.4632985076792464
.847178517493884
10797947276818828e-22
.13077759197730307
1.4331241315349557
.9886940660038553
3.0631900570367643
.06988540837038125
11478482921990835e-22
1.4929498421227834
3.4849966278074525
.09445664746629504
.5982752690062724
.257896851096762
.06535697778924614
.02180388805165329
.36426936943088156
.46041747700386154
.17510122109237938
.1281807081216232
.24770495977022453
3.72325685262136
3.645112948896716
.9373350466897292
.145832726006012
4.07348596955273
147554007963252e-20
.2084372278034747
.3248847302673074
1.9816349168097571
.903745252226835
1.0884704466508859
.11059244492260789
.47507393776284335
.10192347040605806
2.4923108519815926
.3775583109022531
.2959099496471849
.790435699425255
.19166900099972634
.21977948370027664
1.2945085289957847
2149360878660475e-21
.08362244495298034
.02784133275435755
.8738583146625768
.2526144706060586
.05262975016153784
.32571508627263734
1.5209365403416215
.673127486443637
.20874122035483791
.05023100822807402
11.438738394938726
.8034626592128138
.39615252792788236
.34208029837491233
.06532433026258459
.041351001366537146
.3667400957801626
.8020555955916108
.013760898310695213
2.3456468074349917
.03905810877456345
1.108961864941745
4.786110425782636
.2077409622643498
10653276409826604e-22
.03941242369236056
.9214669294863107
.057933317707217796
.3858871831693043
.5447051789519899
7.914590582056766
.05632083917809064
2.4192025170792455
4.49039343505477
1204519723792674e-21
.24452755348030097
3.3887600654927406
.38353305646605407
.008236404962857127
.08316931511140911
.6336730152196671
.9039193483579258
6.00639808393906
.24069703828037942
.04170497469896463
1.0569218867981809
.3070962974953928
.9074519576181292
.04136832952383442
.005294272671603502
.24576557394245163
.35283777699982083
.324296737770374
1.8329875561647515
4.99626871478071
.036937085720940795
.522132096276804
.7329668513692311
1207473982609121e-21
.01717378722102923
.38356802368443327
.0033781710235537424
.007745078183336397
.015278734637136481
.18992610855197942
2.5374798705952486
.20217568102556754
2.8088347392009783
.06058163259163454
.5761747053946759
.8428615980314752
.04542521648499024
4.777521864507563
1.2474615090958479
1.0081563211389393
1.2059141852463031
4307451735121387e-21
2547683480730786e-21
.28832022063508284
.3398666982712997
.4970798130818072
.031234138881465725
.05183431299341607
.01652436031905385
.6190566671586407
.8636846976011626
.6780503119838769
.015104899142569317
.30031565723185183
.012977322591128411
.10626242229026106
.1327095399967832
10.063543485970667
.6458069956189878
2.840281881297507
.19465649614981573
.6936913616882754
.124098521964466
.03948053113986027
.49942415358396103
.05867910940028711
1.0031557357215473
47.59164672222609
.5017089151722594
1.1765551702382568
3.7211325725524462
4.030277915601131
.6480130777894411
1.3487814512843874
1.355934048932668
.09602987440490572
.11869585567337375
.1768033946139249
1.2373747809704152
1.0527681567138736
.5552892315304412
1.6118250093212325
.0020425947148976138
.5979308565603187
.3886237315522452
.11870704960706
.16568527124480853
.01237540709704843
.890630074372174
10.445497899854738
13328911553601222e-22
.39923128370416766
.09006358802872462
836352554590643e-20
.14940803262953056
.028714323517508314
1.7690422551358267
.0896635010871408
2.8973782613904784
.008808942847572913
.19368063697283794
10771610693567942e-22
.05545296462923233
.5499075575032095
.023925502067346813
1.7904136316669217
6.908671181343173
.17063993630102908
8.019742296377313
.15073406333629855
3.5983620427116456
.01130675150889492
.09535926611335403
.2244110937759145
.7376538407038783
1.9605478273409003
.9490245101508981
.8359933504435066
.18748975726876305
2.286153739921957
.304526446469507
1.776029960032058
.05498727802297593
.16162557562674318
.17299021684490534
.4207383693202317
1.436730051203053
.34199631627931176
.23761765963204617
.03482558182156092
.07836342300994595
.40680745516433503
.4259454797411203
1.3634905669520705
.2207705946736586
3.3290397025217144
.08298472530908993
.08870531624514004
.07131462627339338
.3961510553180735
.08708929895798195
14.905413039909137
.2549932824230405
.2511749582560983
.03493245775940057
6.612549357432695
.11760849907119629
3.110966747968016
.1039794610666814
4741465059590905e-21
.0073735763994220395
.7132275666190081
.5240424823640651
.38610851850967265
2.521742132510332
.6570949089436553
.025028759826027133
.08929013975619937
.225012364563398
1.932069679440477
29511873307548717e-22
.7708981105490815
.3156685321055464
.11302542153736833
2.3240722996147114
3.305293540965442
.06374014543380781
1.0837812980090016
.4070880082877671
2.764450637602674
1.5112749734357818
.02183692103311523
3.1282404743102266
.3632302264872425
.1009066222422625
.058489947358423264
.5332208859268796
.032365883465770094
.4473633987950184
2.1475217791816736
1.6745016501760384
.22989867274800185
1.522660566633618
2.5369331174974312
.010985535622508109
1.5801710283368615
.08542302333521576
.621979836786264
6.15806600992833
.20180227193692063
.2479767756062183
.2518769926617897
.012118493780397376
.023357357575462374
.8102500355211875
10482601611280936e-22
.20875711627939855
.4806073728650372
.10194092158447543
13479839793853395e-22
1.3312617176377863
14367350545561327e-22
.6813200337109007
.659851421139432
.39067183260159194
.29835792006691825
1.1858259582186204
1.138621548822285
9.15413686166161
.12713666443457972
.03636860214521463
.052685080338501826
1.0717702473412125
.3135127794465586
.7578984033927498
2.3452309222966328
.02484695349274379
2.942421535914782
.3365624902121685
.0006613199022708371
.32867105315775347
2.4233223331668294
.359164509190087
.30237656091850285
.17309451339948642
.23212037131454855
.3595341370670439
4.3305542404210815
.008480500356218895
1.0210262032072808
.15905746409217783
.39948822523768796
.20873919457442625
3.8111230074162057
.9678567401655752
.03619204809420293
.011910124463311142
.11347078356581973
11560175517484358e-22
.2541813031503351
1e-6
.3222111962892747
.04387575670315795
.6865993409321688
.10174120471607305
.023553570746477886
.4142871778578803
.46179851349038026
.09113348667261142
.021634058902813516
1.756867933034282
.31604867108125745
.5072836701700264
.6598759374822373
.004769805113240845
.965288240942686
.6900290321732905
.21645626638033957
.03223990834948084
.22259377902741906
10954038287826538e-22
11.422786114216354
.12657435778678894
2.379254345031964
.11334735655039029
.06441179968939055
.17389668196234945
.05232744849320778
30560281706460324e-22
.668711532936425
.010226063335161061
.1385125782720123
.6143906117230783
.18000074949449169
.7416191250948085
7.237337933057881
1.9053237331000357
.25873690640648495
.004664432748540508
.03649215895475177
.09851704157634815
8.15248039067928
.07026876590284911
15.92932127705358
.11827220913060167
11.165407774260967
.11572327977880939
.20230697770802417
.09997852486130188
.18528896302393016
.09319544319902484
2.245419048313474
.0039942539369770625
.06871273951773248
.052170494785750844
.1352826193920633
.015760834040924942
.12855565685047632
.14016591248317792
.420326055586427
.406752292972968
.8988122555130705
3.0751667551109643
.04549849273655038
.08671940168617578
1.0029275758392717
.7554822087520228
5.2599279565572665
.03322636272480543
.304365533011243
1.5925268570221016
.0029629807651347603
2.3440476106391346
.6054009126268199
.8521479823808744
8.319111454573749
.13558986908998885
2.9577869143996387
.015345231696688931
6.535100294497568
.5399617603048169
.04115957463218242
.1396257764467436
.5724823612917583
.8686020501713504
.0955068413118356
.985988178816099
5.63323351357051
.7067602903283576
9.939344456560608
221484400659763e-20
5.449013517822425
.04693365834753923
.03504507894403131
1.8695512718725942
.06956850380421359
.11164498728568191
3.1726639224640567
.1580389212335963
.1456719578586229
.45589278579468895
13066258850712754e-22
16580556605202668e-22
.07019234900600017
.00606549479041615
4650003570430118e-21
.32499465890408546
.24861241189884348
.01925676547693137
1.7199168646105627
.0698510792357447
.276929012176614
.07424852943751215
.13697614594032442
.23204515895539668
1.1424419563715082
.6270647522323317
.6602714323919368
.6228815941553176
.45508307455431474
21494837187674736e-22
5.328548247180379
.1364258892254606
.23128127278778685
.002314130073479256
.05225395391382913
.4772080121588101
1.7336069991184782
.11601514297486687
3.3637671501450326
.55455737064691
24136485157081284e-22
.20915290447650775
7.247532375542672
6.4282918613958175
.07243527355694504
.07466092818223219
2.4477085372508176
.8930867475807964
.12890670394325965
.21456496444565748
.07670280708197912
1075335263686951e-21
.10602129713319042
.6730117867547433
.04881696591022911
.2739556237187245
7.096772486075098
.2850929286292877
.2344157065077606
.39986967234864856
.8890051288237256
22.833406487678225
.7089553225942902
2.9157802489598827
.38175848727030953
.373836480444158
1.9146760959888396
.16224881922632367
.37025395451088317
1.3184465993041468
.1716625126119243
.12628017141877634
.4869226188263085
.505824003868735
.9866017600590692
2.0845728100501306
9.77255910981486
2296959447013873e-21
1.8290428899014357
.6219291852002065
.03921816311363219
.010415141634968445
.00784515799191283
11702174776484673e-22
.1433259993268122
.07494691594031438
4.057901948014664
.14351923820586046
1.086051014954884
.16010547676338271
1.2013488473093312
1.231529853045097
.4820383969213271
.14440065642702551
.05571284581670086
.053685331527936746
14939488220305765e-22
.8199204863693522
.9063279719163848
.489580209705595
6.7339433171632
1224081989047458e-21
.32348584196483454
.05689706084538411
1.9282584551077924
7.068408751315905
.6581421818382156
.08484159234861557
.8786808894473115
.15615052785331057
.09266843146160614
1.2769241815273462
2.328205278112985
.10292440070539044
7.897896118564441
.9701697406380242
.22720899102622732
35466683426884743e-22
.005000927637143311
2.088841453084113
.702444922603579
.04054946979308504
.13150550966705135
