4.73001073035427
.23894997471347157
.2485291734840149
1.0197298396564316
.37816917143140566
.006004493497872541
.08921832443437161
.555865117568818
.10246624582708197
.35101233633734713
.07366842093978174
.05058182937617679
.2551013079484321
.12942901634568738
.20844782463357983
.04737134323056572
.9267819354041877
1.405709633074068
.3296209290783472
.14141038426676333
.03914349236850691
.29803715416469306
.5802286418495582
.607004472253352
1.710274083973905
.3147760252132267
.10309954935573906
.1553361395394769
.5174840297289541
.16073529309695941
.07671555698276931
2.5971725727391517
.07323402565673014
1.0987123953045508
.055619302549777705
2.510582275337564
.032775826001936105
.06874829773252891
.052462361574913415
.015320128260738624
.0750441417574316
.004337372535358726
.027714189286315992
.008663839475604588
14312195891401962e-22
.020748862141660142
.026844253927447187
.1070849940830297
.005722804748970637
.02648999389544024
.12088701332418375
.05523619595940555
.01759136669664924
.09073906292266158
.004548556404616888
11739555014622178e-22
.07832733379380107
.0690675047690886
.0019924132613661177
.1407024815968296
.10381383091099511
.022766726231204598
.004984396671433626
.0660799928325216
.06323390793762372
.27328065373468535
.038046978730127606
.025080450109143795
.199443481137655
.06584632484359074
.0232732141636408
.02259829877853786
15677068652926754e-21
48880151467563235e-22
14150074892560257e-21
10108158921364642e-22
6190042462351995e-21
4297047685366379e-21
38226322463045294e-22
5811188821937615e-21
12375555297633463e-22
13542179853629086e-21
2785901483180556e-21
9301269420611466e-21
5563086735633149e-21
1920469225094519e-21
36198890201975453e-22
3133170079683641e-21
14555626469450541e-21
11316837252236147e-21
.7081173270691
1.4832829241870678
8.737727597259932
4.020129051424711
.12375742223060067
.09469151545743126
.8082706178421061
.4588023842964469
.23413131462832312
1.295253157963211
1.7170099165272354
1.7064209043019989
4.100067113639221
2.261996771398957
1.784335067081882
.4359466676735627
4.008973817591841
1.6177887749057616
.9609166161880882
4.771446873865106
1.3397649639613234
1.1254501280652507
2.4125958856861307
.2786733943130016
.3809500507592064
3.066085339713646
1.6237798895632922
3.0108027534911725
3.222671685256655
.16575666199061875
2.1657665444720102
1.2384598902886108
1.0155124236120843
4.5008419839408935
1.6560501851204599
1.581127792154574
.2473961874545732
2.74282373268191
2.5794417425208884
1.4549656526408694
3.3934425608026215
.9649471899642831
1.6341643334792777
1.5031147660406825
.030447280536172346
2.807800831344096
.6763546951204366
.3229350954920403
1.1154789514775567
.33918010586953484
.46692753993726654
4.950408411665991
.8277372197007155
2.9926603853409457
.5948689422199924
.13196405574687806
.8562085354114977
.26392574808064706
1.2195271183270973
3.593823344817641
.4034527316709267
2.3014954376518637
.39089890728227195
2.3957059280684327
.20184450017712363
1.4394686639568468
.24986530295344248
.5182399963894452
.1679182052317235
2.56060625818081
.7609435089285309
1.134818604320777
.6910205818082912
.6319837803102053
.13338527719831567
1.3577141998019935
.12564778371735916
1.1063109998306473
2.87496784492377
6.556225212598917
.7433387325428606
.23912596669144442
2.598325341446804
.7725262580594056
1.0159541873780933
.5317722212460457
1.039519134641469
.9796995736374778
1.2764080423407083
1.5221743390502054
.2947806301303366
2.099331257794334
1.9287317113716982
1.3374944987611106
.2220752696632723
.3777877833230923
.5779612002258776
1.5383976064928138
.13851898186362094
.945304602683832
1.8170676841165379
1.2738735702025064
.6130119959572
2.2936353115536203
.7912744488718584
1.417414929685664
.40230947275628254
2.493016879146635
.5621103645457731
3.7064349631911218
.4858804741011287
2.548022237684418
1.986813021066001
1.9746891871078198
.5325487523698065
1.1628559413175776
3.499438322788073
2.001973082290036
.9233964436348504
1.578146122058132
1.1001171375735503
.6808019500597852
2.5104179641112294
1.0725468886192366
.18838808178406413
.6310730473615065
2.4421027858472977
.8102006647673234
1.3744177618487015
2.63243609255312
.8047571871781751
1.147833589599739
1.3845806097249462
1.9209110468242367
.4728463382682956
.7006544865314932
.050737617060381525
1.8794825246779399
.4306746358099035
3.566103803122691
.5376387757694358
4.923626069339022
.1359106939182527
.3972728970076835
.2840584386544368
2.397258109093944
.15936202896897803
.7136746943927996
.698999787346194
2.1344258939950755
.8570898352301639
3.5732963566649705
2.010020209774636
6.389012118211853
.28441193604412457
2.954479374312036
.3666874755255447
2.3712398178999043
.6926541974562485
.13380549009748197
.20936476724703526
2.7133322445469035
1.1157107111265083
.7172804357730698
2.42205149336325
.8021407894397969
2.0260777116983473
1.1393808242032115
2.6637068977926237
.633021908065703
.6401823605578201
4.788833541589211
.9842440412229205
.7403994866338083
.12118248542628415
2.193533328028861
1.0350745260921184
.5995265325994258
.6161199454474346
1.4264209016900364
.2770036423323858
.7098920243363718
1.6610807188800252
.09903096457514221
.21663525424216473
1.0695427945294353
.7689481280925552
.007859452917019373
.7310076789597977
.6870715968629189
1.3949339257941347
3.824799641544027
.2447195366662751
.8462119863130745
.4913937539407038
2.5350687565361687
1.827273302090529
.12045163701749362
.13711115089213008
.7941012325056921
2.1697745471227723
3.0851205438151785
4.5180224221824545
.09395206070905697
1.4335810564094928
2.5153715220463075
1.0475127145441328
1.4688071053625904
.7355210559505967
.5371720435194088
1372539457798897e-21
.6010815792782109
.21406312081797063
2.478346874268369
2.143794282874174
.5603989307335171
.27433237744209915
.44818618187088044
.07511947233805749
3.0571455759469286
.6576055680525349
.6986586492297664
.32267771744104456
1.2545554291542926
.6711507424983436
.5911125222290132
.38723233387023
.7067620942321272
1.2998036807139512
.30566625195916
.6263692877492886
.8757981468932404
.1068584794653021
.8512586810432512
.4747084105661391
.6328731067677718
.1868055672000261
.7693838445297496
.29308781549824314
.5237186599377734
.8612275912214338
.45525207035682724
.8652297376753035
.6577438074238228
.319965466751222
.8706414943344772
.46825372734726967
1.2625167002710425
.7863026020070218
4.051311225299654
1.1034568632646007
2.605809093163614
.08500151503794794
1.3238825999675998
1.1729689100865297
1.307221646029167
.26496294512348967
.7666810519120888
.9178545911869993
3.067198088186345
.1124099728436328
2.1601718026400993
.2563279642592103
.6830906584643244
1.3122476987794178
3.7506817874576446
.17041813055853747
3.6885421451240106
2.6525957293477376
4.083527788569753
.5869588956678825
.12052778145794456
.1455132591742896
9.287335726145862
.5563867614669713
.5292446535009017
1.150482786970487
.9200294176365589
1.356513899499518
1.4699375103778352
.35257248669827285
.13049773901559703
2.5551087971459334
.13594723154756433
.2432600285120526
2.347611665933577
1.7611399071903124
6.773881413838683
2.2186874205452667
1.5916396062229259
1.5467242872040077
4.099705433295383
.4593529152173714
.8474059321285957
6.901333630576373
1.945314481837659
.6372300385082643
.575967781360152
.2301935006677039
.6371704410735478
.3284606287258676
.7651435053139536
.5010146086990552
1.6228228496128148
.6601414937499502
.27804085946944684
1.7130920507102034
1.5103334877569992
.21334622469717915
.02572879999701038
.8320072384149767
.45005678178555364
.6782647597018411
3.5215792161465647
.8098437113109357
1.860163101695947
.9575327675857299
.1358464174719296
.4645621893661821
5.063683376567697
.2686370200467103
.9994631632368886
.7057866095651861
1.3544117913328806
1.5607227014176535
2.674786888895275
.23140789238220427
1.1643080281311222
.3738952806611936
.9199413755578797
.9143508240106398
1.6587897877374973
.6934862443088317
2.1386141746060607
1.8654114010691698
1.6639143695662486
.21647577106168628
.7069288155713611
1.0164840043547292
.5750918610031914
1.387487094970316
11.663426676178208
.5462671847070196
.6407691550505993
.3543371225021667
1.4515649902660928
.07129255271531962
.38715761815027805
.007734941609395252
.4258339184589332
.3252302865613894
.6595500000255873
1.440633201471815
1.8268058857978824
1.1410906254427908
13701861782239962e-22
.18893953739826902
3.527378384023486
.1779041684667437
1.0349170405178905
2.3579138274020717
6.609340577625133
3.935192582898026
.26379392828558035
1.353139556737
.1455986540780046
3.8771096022352443
5.156899389932516
.33281968086561364
.7067104932578282
2.0688999711293827
1.2982241586932832
1.1564937014804626
1.6425661283295183
1.6663969595842287
.7003700539822428
.2187284016728696
9.046705711568185
.34387747413958314
.940219592010407
.9023303032816304
3.5956525450350005
.2774963359808287
.9070583743030391
.7063533379245069
.8802224640934962
.12525577930231097
3.987448943116939
3.1507416538028736
.22153083011073418
.5080345438405528
.21426876621254903
.6894534662068325
.5674466627526318
.39384630934908726
10.932423118917251
.35713830222899945
2.57013982002976
.08679299487425962
1.6683996645769703
.4661287354702869
1.006913746269614
.03149973050995901
.40809597157890026
2.003353366814305
1.8022086541730709
.7382246055531974
22.21705000686548
.2134685816326352
.866338224564877
.6328764781972601
2.6123249820361543
.14417539510906885
3.0628577687230973
.468114848644086
.34759730922956933
2.4479358641597475
1.6856071661464982
1.281658862661067
1.367714626776404
.5199065429050584
1.6745296882940823
.05641029117158481
.9411804155940515
3.4626921125302266
7.452573174584854
.3974914293839471
1.386016332127956
.6631115363467457
3.1298387087415396
1.2433268319606412
.6607772493168559
14414246436496791e-22
23529697590298256e-22
.14225381775985962
1.8381680034715253
.4652092143344338
.7323339377628522
.11359215649812877
2.184252496021568
1.9739189798676255
3.6866552910563657
5.022565944900252
.6302159438429413
.08958057514006477
3.4371651033405137
.3165094836699033
.5944321107945056
14114301456271764e-22
.8408946841034447
.8853399191248923
1.3977677785676108
.2178862655220669
.24625514570206442
.9457256066329609
.43812777556593974
.38893612691549073
.8831442182606077
.330008665488969
.21231629128785034
.730079732711614
1.4506586712766443
.7930658254174551
2.6255021142967525
.6117265112824402
.287711245564109
.19620784719000012
.27520992888515095
1.1748651361899525
.3579433127822258
.3331200374026844
1.1171330107244568
.35981862905451967
1.2657240445198799
.0757255977213143
2.036311321316546
.736818857176966
1.2420135961853978
.822176792136403
6.548486907970941
.38757002767164833
.2691385237873813
5.182181482880483
.3950269015712174
.22251421941698238
.848276372342924
.6385712906231256
1.2970878754039432
1.4288276661526895
.21515559606933046
.41121702926444026
2.115562537998629
1.73416680508643
.3098492300480226
.3324827826913675
.23212153995092347
4.638106045494485
8.537882582660282
.24286858407742906
.11254253261752874
2.0604945385709317
1.6146334755220602
.36828021496106583
2.7669027889646656
.22230378059616213
1.3086571914381453
.4193635599044053
.3927444622783366
1.2475322650125669
1.379269175435034
3.1279659314024437
7.752186932011858
1.4909862251761352
.6618549578983361
.16322575881659548
8.12683387403159
.740459311728333
2.034336351453313
2.387628763191142
.07303966204210699
.19653399911853323
1.295189276563469
.5333850591374234
5.7074465890669295
1.3784617696234662
1.1038340570200578
1.088034045830359
1.1067449660811621
.015725383909958656
2.3025861301884363
.3826923280689537
6.401231584189086
2.6293800455730616
2.21360022950193
1.0387935459039221
11.324904211927251
.1828439370440407
2.440444834056622
.4673866144612909
3.7407666885249653
1.1539569733616102
.5263458015814223
.7605894650975843
10.46812321056488
.541161499889821
.8997992418415014
.14261502116642832
1.6669807293227896
.03912702475087175
.28059609636814425
.11575597766815077
1.2345015479476442
4.71206931936434
.18330620387558544
.5649833769373378
.5830152697217024
.6412922433738572
2.422872929476426
.7140567385836164
1.6340480049165502
.14476902669495612
.5491049448885077
1.2429874603614994
.8836199648669403
.014952459880902847
2.223313782813034
4.716747160968632
1.6629498708872654
.7501837281477979
.3779340833496859
.892564217236609
3.8716436914427055
.30812148170889503
.3192309383092954
.6668949760336228
.05765312471825655
.9502211244508748
.5256313213532535
.6250504497214504
.42707194293647566
2.0764565518136813
.12676130441365877
.22821329620812125
.04284649214634726
.9437343996401938
1.407470450243274
1.144706686952376
2.1176196952073907
.6656535980306724
1.5747510998883985
3.811995453841667
5.409792366425095
.5763458279402853
1.6045198683877886
.37232881982474814
8.751830849117976
.055525215082057454
.7504703177556136
1.5457751760259617
1.533638802216424
.7610720320983648
6.7548905357168
.18312183994707182
3.3404964542959075
.5786564978360441
1.9966160324077844
1.5247629889550998
3.4596722128756845
.23200733627428866
.9687177056918671
3.9196034854655264
.5113939656515822
.5046029340946271
.7925144347253917
1.99930706331614
.8333232244773606
.26502518124297547
1.3134299441697366
.2156205352449156
.6881713965110072
1.6413479678982272
7.415970420256101
1.4812185178736745
.26655888000621664
.6794747185471938
.6308841216889967
.7439557014688979
.7144728975730013
.48575278371634933
1.6128873327550768
.9357759592496481
.6348400923532539
2.9676748341512953
1.0078576477041314
.25324070041481317
5.331821403761144
.12300290720284963
.8964070479196966
.7865738226119916
.7364787402137205
.0932084206274983
1.2130387646253544
1.0177342452267686
5.036147801055294
1.4749269643075933
3.66105582143815
.5225665427456897
1.3913847660776424
3.3853300248615725
.6527901674359281
.921281729553713
.7814108850412324
