2.3186708419076734
.5540596244897686
.04727413382985913
13792546284724964e-22
.13996104648255578
15236835461915819e-22
.12722452871381743
1.1461782383176313
.08617204865551464
.20654978586149192
.03396719290657182
.04373398066866566
.13990763682320267
.7952465181270707
.07356189526565762
.056772472061257025
1.309501071116376
1.1577997277506324
.3762542074902129
.015436873653884176
.29432890220231206
2.8645014522843666
.3003015082098781
.5070458271828854
.8619194560661705
1.2855415201512115
.0747899191074631
.051375103937557315
.11853912049560304
.17549352673015414
.13014697020807225
.09796564196245272
2.081696651414115
.011060972283845515
.0536948869627146
2.2361353008147247
.005032601542641402
.017980175189164786
.05530050301812701
.16486849801091377
.002474148525392347
.053436088816301394
.03512450302146059
.006682791213473991
10603912924270185e-22
.025487583779806203
.0421200797333815
.051125086534963386
.008080468631860183
.003609416533451658
.416156738637188
.0033430119726761795
.006757840362005104
.07825652022125552
.04351425235134658
12583053009066976e-22
.0033276690960081907
.10227061645217021
.04403636133459108
.02306364988384232
.009565819253803743
.0053273590655342
1335720568351887e-21
.024631275436951733
.2447814150268592
.002318787963722725
.07919753357012162
.04518178686743361
.46301575602262696
.011023236846775522
.3230437262059401
.029144021454013583
3546068048032075e-21
5619796759956422e-21
1049367694552629e-21
20944155304479326e-22
29269901141451057e-22
985060904197803e-20
12348051965964938e-22
944370494911941e-20
5981328600769076e-21
11454861495013987e-22
508833485063805e-19
5066372645241637e-21
211363612554965e-20
30810223773118064e-22
17176058336028913e-22
38505141375284196e-22
6370485124961597e-20
10023679730678174e-21
10.975112845613655
.33873890845632626
3.438110259462066
2.7765697214919687
1281162488973248e-21
.12132910981642633
.18156833058952027
.16773910323209323
.6435745190793796
.4575086574063386
6562005334073868e-21
10.57809969721551
1.646228189237065
.23817868935339678
.8946347937099111
.9915936825319402
.5510487159889659
2.306283843232868
3514712486288504e-21
6.760268099311247
5.005149008159315
.3209733380756284
.5442623432668676
.2151004158074602
1.0445425841529035
.37774276572103616
2.8446831633213687
.7085400683364036
.05343723823665998
.028135563099911762
.6356630068761865
1.1486767660268373
.4851037627743654
2.8164711427365314
1.7048976197098589
.9493693726347066
.021468099087871582
.26715442436982045
.7016233059295506
.44468590770145033
.8951886871393551
1.1469649488394515
.46719158413864786
2.976357351202219
.026171589345039718
1.019946564330682
.21049763204378386
12903040397839801e-22
1.2527208432864019
.2071162378509782
.6698782469266954
3.724985226714519
.13142362429061705
.5514378270530867
20103968824685593e-22
.33579766051366516
.04864572171449889
.347601073120817
.8030569081225198
.3819121379403813
.2498533822599811
5.723489739360015
.787166476301681
.04299281852952554
.17585683622257087
.02346716974650727
.33710222074433177
8.268336872795027
.03189318636299283
1.806410990408273
1.3162537857010104
.26781511165802463
.38759416700939986
10991893827747756e-22
.14984963260279163
7.483425144092322
.5736034200357096
3.7351695280067982
.8909473288446038
44.21860772121374
2.7036654153653217
1.9049825103256646
6.8833618730044845
.6919575364370836
.5689746083071944
18036682444764725e-22
.031840603689671114
.10098415905813238
.30853153042649967
5.002962223999418
.94838076838009
2.23032152024574
.6805069487050815
.051362031855106634
.8994614517002767
1.8978769963792324
.07723397175725784
.43612197277901826
.1444280171699746
3.613193995988388
.022418209936909243
7.243569517836883
1.1088923466723852
2.298580464467455
.8469451098839997
3.4402804863426137
.23109124153193816
.5471655211940112
1.6438936241390216
2.342363664574336
4.755995465746089
.308591684309549
.434528729822192
.14682184124676617
.8981234544389497
.13600634962612554
.33055080164035
.06495318875926415
.02091300957546699
.593168573432246
.03743492456151064
.974789936198128
1.8982090690095146
.5205335257508277
1.6273177286305391
1.0866981653330408
.153684961650414
1.4730488322904387
.12600588321556092
4.814814972601164
5.224331964691107
10.19259281583832
.05902351042165112
.09692086243706419
.20468048870114605
2.3011147413901085
.6357163299329378
.3991618373614007
.06184547998834934
.011653362654568582
.22833596392051075
.6480365160479937
.4013915942040579
3.434642492577702
1.6020041362501376
2.1593421672052617
.5423151175961104
12920624105054077e-22
2552526835087377e-21
2.75553072091325
1.840229235668934
4.6990633059465665
11445055700962269e-22
.795014901462352
.17171823990532126
11278685719010004e-22
.13193149579328428
1.21813846701718
2.0401129433802723
15338955549164435e-22
.4194935087741522
.9585793891917264
1.2603076878358075
.8001318993189742
.08002545209338198
.08623307392859154
.9601806695734418
1.5087715983041214
.03622049249649919
3.2198040354266695
2.27105324438452
2.742647490449508
1.3815543087444928
.8019605452625417
4.244654971153701
1.0835444549373272
1.5118080027326906
.0009779079441612933
1.3366483429642515
.12000724193861424
.8122661770342148
.19841223889294884
.127278082299316
.0252358277351274
.15361674559228417
.8994508123173832
1.6135102333886444
1e-6
1.064500788521936
2.528793361538671
1.3261258476372904
.1931245996734919
.7941509673564064
3.6115473337519792
8.304108958775485
.3920971058286765
.27022879310202313
.6260795394065167
1.0723528547532049
.46041733224585507
11380649311611903e-22
.2675538203930572
2.68237177805107
.1646677434611915
.11489289071269228
.5137728902400562
.1268198039834194
2.417427440224287
.45382625106487134
1.8131640173071473
.7811014543365523
1.8793166582479137
.4054865216124938
2.1076691137304757
1.1454111927955215
15158063141992594e-22
12182128097065555e-22
2.22200935219556
.01364985498209446
1.7155607926772514
.2433295389073517
.808295582198607
1.4220450386843875
.15017763499362782
.23836414389714988
3.1369471554298216
.8353573283175953
4.916367485106571
.04918161473624743
10619418892155127e-22
.12601094764506443
.14444448241877705
1.1875506549851889
.42933739529058124
.04215116693835076
18222697021166668e-22
.9529857720358318
.25886659455882083
.7782101223864653
1.12716315232772
4.39769297460747
.047701932267998605
2.0625443758255786
15.17812778359238
13621752117231258e-22
.5713108173803516
3.617235646536673
.17951565340398573
.08648249977618268
2.5552262645412975
1.2940960891494193
1.9730503243484423
.32914765673996227
2.160127717750419
.9646064660675397
.7645938693769772
1.6531903108683
13.798343253706117
2.577272512399385
1.8811631272720342
1.5555028828167035
1.5830322033075575
.43148828246018794
.5681017910502891
.31755453726099564
.9440307170367432
1.1537981860410929
1.2637064505952555
6.209277669911372
.5742493896715195
1.8735240675241445
.00399351819524515
.4762212539834788
6.067750161611633
.2812584638514771
13478483956228339e-22
.19900379035652285
1.2287958041805687
3.85590632695765
.007680034859893937
.11642167145203784
.07471864761895526
.2500514895025373
.06403314684980264
21922543005164864e-22
.5895801362395047
1.713822566919128
1.6849249865250309
12.88626175427336
.9234280138088333
.0010074482996769863
.3182206025974765
.7014522438775884
.06105412233454607
.9239998233074744
1.8670738257680584
.456997053739255
13847849358814989e-22
.7039978319326823
1.5126871545718492
.07118896382800435
.21963264180649106
13672498924926925e-22
.6210879382705804
.178798045917735
7.058781904504554
12842620969864178e-22
.1463634388375713
.3292868744485857
18784066689354324e-22
1.4038077578227173
7.391096046123431
.2813750822918974
.17363074467606798
3.33653207922268
.28034734267116995
.17931323616746217
.4269165675341974
.4491917089140418
.7641146576192603
19435633426786226e-22
10661979679806551e-22
.02243831938251351
.1647920284028422
.09921441128167555
1.715547794745987
.14262134293968617
1.2114271228760132
.6837714404545019
12465208414297688e-22
.1407592140521009
.08989011426189658
1.3945488315901364
.7053550719620189
.7981560976740393
.55997737487494
1.227004181044792
.1800683089718166
.5768614807219554
1.5081448813508211
.21065955729289448
6.053995711374059
.22967507006551563
.4810563955154601
3.042423530497679
.24848323179423915
.028165558652767944
1.7563942582581944
10347725502317522e-22
18264759545922376e-22
.007076160800201268
23434676963053505e-22
2.2171036409454983
1.7585639975484035
.3537233527333232
.39193432686416674
1.0896355245045148
.26487546569907505
.9775149552434361
.0484904704520098
.07853834695328843
1.5350350040811371
1.9686566069957931
.044153656088803984
1.4839813544960738
1.1722815793231924
.9607506952499467
.7155292550699268
1163053501765042e-21
.7143932111727906
3.3127788296421956
.9967679161150499
.10847209797494307
.13138030929080205
.40249756453036595
.09946563740990683
.009582215536919247
5.972446426176587
.1039525204290423
.6556389964594698
.045052689360822115
1.6119588934696487
.1597414988226513
.2089074448673538
.17286335703983793
1.2662504197878852
.7280664848755499
2.313452314468076
1.643468784003425
1.2436843714944235
.15609425807834118
1e-6
1.42860533349085
2.515897375936662
159335562054191e-20
.2132330669192278
.7019771546356417
1.5279137692818343
.2587903056747106
.801566596258218
11.023007006148452
11464828830951536e-22
1.2846918457432261
.11122221345949079
15553978744954515e-22
1.6168077600778772
.7228855454673417
29915641811229043e-22
.18957083297048088
.32143052147873197
3.450538281771413
.5466807064732844
.48801306623341917
3.032955290171563
.3264192275885843
6.664887701778698
.27694626667602584
.21229028373201064
.4422404286235438
2.994485771595455
.05876795094639241
2.4424458791646746
.22318999979518375
3.4725014187314454
1.923781965587413
.4254945360905876
1.3564942788356134
1.4639472555545783
10.267046058784773
6.658622138804473
.05892118243633021
1.4153588701729158
.763436409155955
.1341250488847436
.35341062932620293
.7480374262779558
.0638209385727916
1.4679202247272332
.23766408752013835
2.3316383499701616
.2608753235206598
.15371625819003376
.14156503689854819
2.861444229239363
.4759797899881283
2.0152886967887715
.18610275011569755
3.274457511170269
.1132234683850584
.7993910663673438
.046767887692981736
.2090927715185192
.2972211083166189
2.789079247323581
.4270718092963934
.1578774425471291
1.0816975872193462
.1559692351291107
11.335566312191217
1.5205242236960104
.1872609356263418
1.7495748934370103
.08986722171580351
1.5417212713715678
.37803227463255523
2.3242178890902117
.4770214757112523
.5727203047530837
.037617475249308134
.061762648047962374
.37329453048724603
3.3414996049386665
.04918274461821419
121437980882463e-20
4.160428266939806
1.4777826633026032
1.032391580098448
2.769925157028694
.14022392316800533
.06635836368882068
2.4705029670852836
3.126654702270994
1.3710598830905945
.09149899977436626
.6072069753741927
64.16551261255145
.15943566770926068
.4883998065425996
.19551598538294218
.5767085851794549
.042995140569855844
1.2647724142428107
1.3448255179675401
.003696719690652695
1.138000379473533
1.209377656020791
.1384689550679509
3.0528839523568214
.27369229788691074
.42700470092547405
.8585987164217156
1.8218959960350014
.02227816334115461
16.914118974787755
.42503968302405293
.7619175682825711
.08221835682879287
4573760066407026e-21
.562907337947341
2.8077558608606976
2.5438330550494013
33.98092092681682
.2878770402515273
3.894908375351962
1.769667739148445
2.323653767668776
.1360644170850082
2.560616161801094
.8740624486662898
5.304909486911093
.3463238722001698
8.415164803084537
.06836040144863748
11.036969616304551
2.2483447985687
5.4138835276422235
.25942036943687286
1.1784183751028805
.22578084643969432
2.1116253379789525
.3166971459963671
.9532136491161152
1.0763073576478681
4.607306091352843
.06157429689357069
1.319036907588632
.3654953985106859
1.6308432027799398
1.8778898697385042
.766884124987046
.0575332029637549
5.974780882675719
.06612883372620589
.41772070553782037
1.6859977799644803
7.359541421523007
.8977711492003917
3.6498522082084124
.10915074654390093
2.3051879138720945
.11452348414964864
.5782757930428274
.5752398580805571
.18553187543996946
.11893253307831775
.2817798748886911
1.242033497545291
.656711116603221
.03610319588893744
.9037448706992907
.07934956843819117
.019733118994726212
.22056750181414905
.09256666511696601
10175693184685251e-22
.07720250373751456
2.6997913726666596
.4976766282205576
.22806108506966843
5.6706092882925665
.7022506652758199
.42758792838003545
.22533095515128465
.24794364706692765
2.7537282447632627
.1116054384032131
2.390905702887513
.10686178466568294
.027967122563121557
1e-6
.05677467921594055
10756650262479519e-22
.03514255735237
.6152214539096262
1.2955754554036272
7806365093551292e-21
18212836271905462e-22
2.5273689025101995
.11533786517769676
.1839251623164075
.16777744379826987
5.890630794771513
.304069453003818
.7971085906558824
.1649556230251775
.9753024739013467
1.1717349276922946
.8107967688067261
1.1207671985686767
.5008947922213693
.16411026171337167
.37412865970384984
3.840403381886744
.19113601496049185
1.2490004680254356
.8786547014666043
2.9421824767139517
9.870977269401262
1.1985879900252994
.020936494556432927
.036207376798007215
1.6379288914047212
.05910897046185007
.247305913155353
9.55378564191731
4.280344458871896
.956765847537193
.01339261237247953
.5554633174745195
1.2718528444876465
.057037454745868965
.4405111506451922
6.125930001142281
.7892921319943684
1.0563811192846884
4.31077882860421
.8613097120210714
1.9706425433550792
2.614304732139051
.5640046860970949
.14737599320822786
.8178031987941368
.2065863924630676
.5337073929062773
.5728209534450112
.5449826609898738
.019449125477148204
10.347509273414154
1239422274649351e-21
4.266818085678102
1.5141671139443127
.5696795929787052
3.183168079421093
2.0036282033692285
.41836411063809814
.028880831797823782
.8401458691316082
1.392447982958628
.2235723250359086
.6995278170801263
.7035777111461071
26132197940895007e-22
