.15685331573711256
2.353155384573439
.055203317991804286
.2040724759193144
.1320809129278995
3770850622786822e-21
.1164623488448232
.9594687545510596
2.267533323516531
4.828076876839109
.02841435374704042
.26139602926984973
.04557932556923362
.14859696051905347
.014978303798449914
.516528518666466
.04774989117460271
1.016585717581893
.10059369265941889
.0904759788393715
.14983667079683957
.6873837082847213
.038516022871153126
.1880971963545214
.03710848829816269
1.013221128523939
.02972228113339922
.00010903110524071475
.0029579301278976353
.053349981840747816
.0519810694327247
.008003572109405433
.5060563525121059
.4777650559974511
.07106207223901596
2.490476038877631
14650062170477845e-22
.08622975334811422
.08673624730122795
.7584103357418465
.0025384408496876214
.011791043045569627
.019603084079498314
.010788859893728008
1e-6
.1765710227085825
.015251104686265886
.06527520328492582
.024952542220850124
.017430538457117922
.35179412389764086
.003027617132983052
.00018334086871122062
.013737328032001263
.07627552799552126
13129179737148992e-22
.013833149761169429
.08232829439834184
.001506993709459025
.030261781110321347
.0059653251569308455
.025480138225995784
.0005513340387511873
.07898079782210764
.009581519162639324
.003595957268966256
16378105683601254e-22
.07201726474030971
.31782035736520275
.010109112540253104
.009350423942635548
.005476890966991848
19810877434333942e-22
24045100181005287e-21
14431969794969785e-22
7378161542263746e-21
6400219519240216e-21
23002438488999562e-22
6714637947381011e-21
10945816782820631e-22
32730143197090257e-22
12262641261460438e-22
16141001699139977e-22
22194785111408275e-22
28170113656066703e-22
1e-6
1657441164308911e-20
1e-6
11748029090910906e-22
4325049572593362e-21
2.3561982918814466
1.2864765855770464
.06321288584293426
.8958372528692419
.0029622560170816576
1.352376731577646
.282616688832985
1.238929673198996
1.0462512911426656
.011366405183004028
.12506558750185223
19292039848571806e-22
.01043334588961878
.03407658764076562
.4614287625983583
.8346870409830658
.14188675799200687
2.425791142565994
2.73884384727854
.9122017101918363
.132932776715341
.39503987387664896
.040512007816676736
16.099720962382364
.24820697174054326
4.581773406758947
.3384004149802331
14279005552774138e-22
2031599632050745e-21
1995159220844091e-21
.21526594962321408
4.903664956234782
.09357250772479955
4.062304381286433
.09690708216324846
2.9001461777330655
1.7383315068544436
7.005158760764312
.2790815029043935
.4775350717396194
5.13764363483348
.2833292981212381
.212322503851758
2.3197312334158515
.3295544644120681
.30132767745565026
.11964717913852052
.493653751447497
1.2881649074807042
2.7769881700501204
1.400442355275395
1.1856799765457513
.08727722905473483
.3015924388496145
.13308057469760917
1.4378036121010254
.39660919828160246
.5788884311358647
.5923867720596918
3.4778279755871258
.08781738441883563
3.019399353106648
1.7886034515117262
.10528163214926536
.3596840967467083
.8939047614047364
.2796060588013319
.03212925353937895
4563355083448759e-21
93.96178808199059
1.1243660424900876
.48207340571410845
.20042570071489813
10058990911036154e-22
.17522483719096094
7.806429311018203
.08147083631637601
.011608710794811542
1.324994253022555
5.89170182649927
.06995957332258179
.27180808484866203
.07914876529834229
.7810587472304997
1.8571907956162135
.7970342676552774
.4343645299649548
3119360169400791e-21
.03882028424410723
.24545802936252964
.2943401888661372
7.272436706384932
.38083083904717263
.7721345269877626
1.2798635118519568
2.1943577097859395
.11027368216446518
1.1419433250869435
.05757367179963087
1.2692417073657374
.021607731238846503
4.055167243084453
.7301357087374042
.07933488180161334
2.031123213708872
1e-6
22.339370884561355
.913120985392777
3.217353356418016
.06869813213878062
.22960604151947803
.0635910313139617
.42020220476889086
.7888062123798509
.04196932681133189
.8982071210666662
.8103715056975282
.617322719237578
.10482455069090091
.3591235315891385
.4177041514192475
2.354842274177832
.14814669780168258
2.768741463801558
1.6407641206583001
.061436534335532776
.0506691904358957
.1234992855653897
.0990283112335225
6.860631520345008
1.7309692811658675
3.007203165641948
.3385626554277741
.046728126714628976
5.104157967527663
28.63827234916373
.8170201295007296
.9794527181309474
.005644600410604076
.21458509055877
.20055995763596332
.4582847557171844
1.0413302066876953
4.600985184949057
.06489573425775248
1.372419694673839
.08080850427144023
1.2558025809084397
.00867226463793442
.16094134769801438
.15911781082377843
4.203813201434896
.4567955882511885
.04088983644397105
1.2672614740209471
.8805705241019874
.4218796401407368
.05487850091661672
.08423057372648529
27589142539529746e-22
.518628133902559
.17051173075655485
.49033115333296023
.014509924787086414
.691364855042225
4.081897853527372
.8769718144823803
.3697519160746125
1.7326974481130175
.27321935828798094
.1725263568664925
1.0329257501474278
.21381079802486982
.6528550757228371
1.895267872219134
.23639506021409382
.20421948790745187
.38299802829335444
.18940401510279023
2.8950050567193
3.20446205111138
.39448275570435354
.139799380428615
.7520257632523916
.01625339168488209
.6621448897606738
1.9655702556983519
1294015030558538e-21
.08434273616219838
1.0693691958733555
4.764653124145414
.01834958409319931
.7529065222295236
.1759394602783371
.5993812818674861
1.7737110358943837
1.6072939833742805
3.600416740794086
1.1855335084578174
1.6215678602808163
2436035237022195e-21
.294839973439056
.08486125341550084
2.3196184347808098
.01842754634829051
13.725689374351605
.09156145038809001
1.2782566385963534
.39625691146182995
.2353619031334698
.26540773948798707
.519604886523815
.355782947497114
2.5788305535472342
.5153497055557116
2.441465689983462
.02531276523300721
5.818622466950153
.37611744513714973
.43286024527330447
.0592551519891111
.43284204428037326
.1625426048222583
.50071293033277
.007685268994641355
.8522368112102771
1.219313704348302
.27083904928905506
.9037520855365839
.0025777198102096615
.01595609555924582
3.7583251908106625
.291736415910799
.21824690282598525
7.296459088411479
22210089090785674e-22
.0357234504903344
4.239739179696909
.26889075242865224
.03624976721244517
3.2449080822367216
.26670624043209895
.5449713425002106
4.4854725996687375
.03596470022606954
.3008680371406197
.03573268873593441
12817855564434773e-22
.79202194084195
4.417575682352897
5.8428150532979775
.30160638191563394
2.737678319965577
1.3210666713985735
4.698471427274266
.7705910960484057
.45679105622430216
1.361600819930709
.4893915961602474
3.252144563841421
.04346951236857086
.0554860865490937
.007697698743885751
7.484368818914925
1.349056900246246
1.1213966681794953
.04995560995936756
13746608011817927e-22
.4912126889141689
.10167662241671378
.475706967534561
.024976443251895082
.02170991470766492
2.5950895464929284
.28287657059372645
11970398174168759e-21
11411513608828988e-22
14533311337342854e-21
1e-6
.3372800224472017
.5273078285550203
.01747400566048444
1.2966038959566912
.05691494324109389
.5066171877182835
1.385746704891567
1.5969844585933224
1.3460579603673972
.2779112642930675
.6046525556663316
.023915522722926474
45.47519296306933
33.662914238034084
.05696557506673383
.048286194574888544
.4489015941976491
2.159479545592664
14678434492432695e-22
1.1711177284490024
.5011708664034803
1.269853196018713
6.624821248689521
.0005381085086861361
.2887885365602871
.02095206518249862
.24679292279100287
3.2639382405045705
.3519410175498814
1.8133225899011003
.01569348009884532
2.6915351127787224
3.2825900712973373
.659950052749813
39.69655938304123
5.17970551727353
.46966096970703664
.4414179825440809
.4865826307731639
.7974761386419912
5.4044702696804645
1328843999970297e-21
18461329295168617e-22
.1819054224865447
.21365239282844342
.760212035054495
.6159901991705404
.17053938397906662
.797248684768235
.026123295783697882
.10599279760497007
.022905251357272446
.6814276246355248
.8478052840042761
32.343312293618176
.5336329351358978
15.54236528072958
.004068123150252287
.26827699468396504
.9308323570254975
17.17253211365063
.1903143099976357
.5472566485425155
.11555517490798992
.5223628187382245
1.1264463986448356
2.523546224429936
14595460641127737e-22
.4584919762783337
.03626194796199646
12019256635793783e-22
.00027354527151524636
10.021423842176798
1.767599041822502
.7092017082415476
.1023214477895687
.6909997510083976
.11328852974970452
.28004456588233867
.012997497583089924
1940092777684071e-21
5.336571681951417
.8224101410043162
.13337615892581461
6.160792644492056
.36746887237656545
.5447642123012205
.15925550440728806
.5258217954751687
.06884479182285784
1.9364962049820185
1305310297640708e-21
1.186175269027673
.45445602408123487
.04581644107539419
.5446010124960032
53.79382050781889
5.941368066003477
1.198997377114099
.14331684102421274
.5955561332992982
.2470854082033288
7.467715942760432
9.173942758500296
1.6287619829323043
.01574054447096725
.5509833654161758
.2842494370013179
3.216124138410111
.0741395066267763
.29362309094284916
.4625981746917143
10210732923703501e-21
.3721937371200364
.05878012037197802
.6648662524032454
.5776752876693511
.38415540951164057
3.6469015074001896
2.4722929367091404
.28848881571541624
8.572591527912413
7129022555785193e-21
.016538949023007656
.17046621569191653
.76437288487916
.11461699742684586
.4078303087776418
60.24085647937964
.4063698954009499
.017259559230344754
1.0465892546163194
1.634318153749892
.05539445032025823
1.5085057751721578
.07653300102310129
4.183466628756043
.8376575918189194
.07449395007627745
1.019735778773794
.1486596739602507
3.719072609655744
.3775890222757112
1.202056277975839
.11415854340937298
.907261311382523
1.6546460501150473
.5835632603663679
.34742816777783747
6.215773857894482
.6456227017868378
.015086327411185305
1.8829368366794303
5.127309866504361
2.8598883827549955
.022265387732263817
.9307098282982118
.21754330860701046
.054582258993783
.14069904393885735
.5693057400957733
.04285444769967603
.19320267253675572
.39648381337952443
.29641928815073
.567179273736523
.18794530923540867
.2598728436092419
.4743552110575969
.11375269696422327
1.9956285459372973
.2026173291521748
.3822256635261057
.7100129954073904
1.5427655872970047
.08926909855033557
.05119488877027422
.37576280958058283
.0685168166399245
.015589270181195884
.21159939133450678
4.618660414039728
.22925042483404198
21503083402078205e-22
21.32295683641666
.16153705454459788
.30613071639779543
.09356381624721316
.08617934834909967
.020224567498029263
13208652115426437e-22
.9367790469134618
.2494682780241591
.007282281049392103
.0023911144875779305
.10827983862075825
.9866743778908604
.17005364588088046
2.4970445513027015
.0006184236929882556
.1271252009506642
.8719506840778297
.8787918909567797
.6838549500366145
14703192003693389e-22
.32429952566323605
.04130695914221372
.021057716658402975
.039550471231560726
.3956428296380563
11.82486705657534
.023153047760463997
2.3928797989316006
.24984013334884758
.3545544547337279
.1780052155786468
1.2364406757386068
7.90119619342388
.2552891834576817
.43684522327345765
2.153516115399368
4.559654858348969
10997794374270555e-22
.08276148391629884
.17311129396337802
.12274240554180575
1.1915660807616248
.4248195843986786
10022615205823801e-22
2.8815798740399594
.18197496850791456
.10488145091342213
.20938899652310533
.43494855251454095
1.3971254315778667
.9719568620108152
.5452145489714308
.033316601877158
1.988364244066982
.15772062038260662
1.2007228867387225
.15000742000460268
3.5745744635692605
.5198016369845343
2.2537807856333933
1.2384016806791103
2.2494180980154512
.24307798709192718
28322082312043175e-22
.6630654637714704
.8254206337462346
2.5293326849816378
2.368182206296894
3.766494718009102
.4718104658083693
6.66280444563889
4.806291684520495
.28106290922782073
.6703765787351521
.0018644079399062806
.4484159842697813
.2524559348938807
12.679563511424941
.005970036686293698
.5058867259112708
4.579957365114786
.6000478950069754
.25739802250439475
.0006852733557660355
.37643022381429714
1.605549058275341
.08027000561218865
.7433296755476729
.20369212128184078
.14894661709737514
.016849507177584707
1.333257159551985
.0976232524776855
.08153491013263583
.5097379852176757
.03086840878396495
.2018390767614667
.09896126837729895
.19953630641675055
2.319606865754938
1e-6
2.079680238420428
2.0375244131406696
.7386598080731134
.5687304242351645
.10617216024873238
.6397433935969784
10001671514962109e-22
.7020708774930453
.003457485290903386
5.403890726475306
.06229837302341053
.1305358998726905
.7810521463979047
1.0587451469604403
1e-6
.18314905247796318
2.9617461241568375
.09370065200163424
.12898423055037656
.16111839853814977
10350513954287776e-22
.07512187058308331
.19568278006271408
.1015409103480705
.07824364757493611
1.3058587973794016
.053662908838718514
5.593344506447421
2.230026967485249
.06387003091065561
1.957148766105828
.9889286344588865
.06209677481610341
.698463049568004
.12974954728334806
.12380203984348268
.09056074795306111
.0074593392903924555
1.368270867794796
.43275991968743904
.6615550539496716
.02249884227682494
.6460246361310819
1438123382871244e-21
2.775921192780167
.4198604888641615
1.1048975681321498
2.053658483290798
2.880753220835735
.005603978970138831
1.5404705542948476
.09973895060122194
.9977553134578344
.7494480517227573
.3960218335663531
.03871679344871171
.628675412999848
.13539889317658468
1.243601392259135
.15560586393534767
.4069137133186829
.8537570525113272
.47862004756971466
.004176504579325085
.16229192950634594
.0472701262843997
1.4022301034023668
.1511659374476067
.08908412298869578
.12181351961393116
13260727168187196e-22
1093285601099339e-21
1.87401963575425
10724780767727206e-22
.17925312610847516
.33536758091585794
.5112337886780988
.1251923932604903
.4714843472174838
.26626007811392693
.061044015680204594
.10100688707286876
2.07543609401804
3.208073400447898
.15628719693914256
.09303654797453666
.005681296026830774
