1.502689453988945
10779237319322473e-22
.6422034213570724
.06054654721229251
3.980186753846377
4316294024690806e-21
.6903091248911571
2.4704321334523414
.18206739164524469
.9106644168380033
6.045915468675753
.40691961194182824
.06371158967506227
.16000501857382865
.3333302217794971
.04532789424596661
.0005642010974570451
3.603197093633057
.31652856048340194
.01653923102810093
.09280606449937077
1.1383413850824677
.2798455459674781
.8414641683541709
1.9276759715874003
.34518911336176034
.017540138110789458
.0029510516882157384
.13764763973008504
.16144518310582537
.3977074323811956
.39530102605876793
.8707845862762675
.3389292580831562
.002637464274839246
.4416770083240646
.026765075384010045
.012023790861712975
.00940564222313495
.23090509959267616
.008085459118933656
.26386124052632676
.2669615950409728
.003189130791280784
763889926526689e-20
.047200397042649285
.004634705091252028
.024756567250899322
.00454965836435222
.002198115404888602
1.0151801618410534
.0398084921724638
.0036265293125618396
.18325789319477487
.03044261362333886
11657411809614188e-22
.007167030581836337
.0027797795149922975
.00010864613049140775
.011419037249402502
.031095173190994113
.004435472285127667
.0014448695399398004
.0028018260476327357
.09050851637808206
.0014680947607508539
.022337393645910458
.0013280492504167654
2.061910623730677
.00036602489497201485
.017672603428945576
.0027412044050007162
26550923085236737e-22
13685334712457758e-21
11166717170190185e-22
4619878049612795e-21
19230490812148076e-21
11430574077284273e-21
1971605819865218e-21
15109895625516409e-22
1955255622343912e-21
1028015749981816e-21
13634502016575394e-22
1858377429018214e-21
1022759902791474e-21
25831509973400953e-22
24153398779047245e-22
19396934402527086e-22
11249142434087401e-22
4127128851118575e-21
5.981497076597191
1.886906627733209
.16187537531219476
1.2454768269999925
.02434971947360655
4.910562371700403
2.6414004733982273
.7815493344531907
2.9640848300214824
.45236331092794646
.8034977652077653
1.6154876492103696
2.0628927959141383
1.9192578325614602
.12595486860756155
6.14734524156128
.570360203963762
1.1471126305966615
.5048619635618163
13.022426287999986
4.426794779450708
.7995139602699889
.05772152771202924
.8815649246983137
.4954400259861676
2.654115287803049
.1320488879762826
2.2216368292541966
5.015837919582589
.037842673668650954
.9458708637083961
.1437944160683186
.05349213101783258
1.2544661092302065
.16960040535986842
.06997302426907114
.8783118039547688
1.6569794820024162
.9165965487077027
.4783998505733896
1.2878782083736955
.0518245494460083
1.729434061169453
.6510439847474203
.15213537536192107
.7613257035435519
.11492496543832288
.9446615969143741
1.6767461310359177
.5464007728203004
.8109844205427237
.47148227302623996
1.2789421383582837
.6988532732891417
.6479345993784307
.15381017700306654
.6881791679497924
1913898991747433e-21
.09489343119419226
2.352939999527574
.30574312938197995
2.5658710761879933
.9463043358843375
3.0464517474396113
.04322468666032825
.3677497367566172
1.0047905349703912
1.5701680551069732
.8544279367561859
4.6993282357459645
.0318785518453612
.9431281849556483
.030183608053803653
1e-6
.10353752413222803
.3003544042715602
.17843281057679425
.5234632022554339
.5223131722470581
.5668701493582667
.21262684423042352
.07918074851371551
.16622400237842103
1.3794556594425011
.35620377340609327
.6431275089244627
.27605008827743405
.15461509615341948
.3810271061261821
4.565079851152211
.34304762228440633
.05494494401147143
.007372475253487014
1.569475174348557
.4068193941488959
.1933426062791905
.13002941921916047
.07430983865986049
.2258317175111779
.3612177511281029
.006436100033797623
.9206542203756576
.13730076187773718
.5486769763558872
.6607921525846917
7.01369466758237
.1369260440652604
1.229356774026186
.14850211777657887
.1769282281184934
1.129174104702225
.25400780749196405
.10446343542547144
.06324256110937426
.9117143666292162
.0918250452915117
1.4286765378739996
.656881678433811
.02804956184056604
1.245796340752814
.07392200275715065
.10757013129280484
.1027479950035242
.06780802414650805
2.892720952361672
2.324026899887274
.04045980906105004
6.206619483436753
.7396847394153746
1.860409803823189
2.8349319968785553
.1522594974156672
.7822847415191865
.3309401148890659
.8567308614356562
4.901135540017186
3.4588134318301083
.9199167529706288
.15228088253426014
1.4425073439515372
.7924062518495798
3.8273667978107877
.06188750701045152
1.9993085110958524
.06928116462263015
17.919450121189133
.38895200464876895
.03543418048085853
2.87053039908354
4.274655362492459
.21292176106440777
1.2095486978406
.5421260849552365
1.4674514234803997
.32657757871359894
.31670322385633876
3.5750966390047783
6.580320842538977
3.6514467221185276
11109294525711983e-22
.27640942917920464
.25304420047540366
.7997696917519718
.17254632467731512
.980493009454816
1.6967005299418139
12.972589920659471
.5992688234811723
.2431997765774701
.2869465976062706
2.1027916259303465
3.1762632113411713
.0888132632882014
1.6434730461475358
.1712833553820049
1.2624809895338203
.7958993445730881
.937507717254231
.38351562140456935
3.2801628020952958
.5038042349206484
.2975833932546549
1.3320272434615306
.5199720123846282
.06516056026403125
1.0045821833377278
.9575657723946689
155823535917813e-20
.24054739757960059
3.7236512446181838
.5772941132028743
.05589464955921099
2.731341936136171
3.6632059633166576
.5099052379491053
.17172883277216727
.03799686892536975
.703530230588725
.12159484596759468
3.949092561659435
4.150808493901208
1.0150391993064571
1.0400295740571854
.08295794938010122
.03331046204476801
.09367530777287965
.14390431372586124
.1957411678048967
.5298837236554942
9.618390395332499
1.555331623729014
.1737896253569728
.10742543610214968
.26183087875705136
4.080394213979608
2.682359016142673
.09983527345044164
1.726806374875305
.24118679530292586
7.086249980586461
5.438899744962933
2.3478748969861987
.17778067339404013
.42570350548225666
11.922601170267317
2.849647631087787
.46150287885453256
16.148961359626075
3.879964491425415
.09794369516944469
.6738520589068193
.09312723933978484
.29411359770618806
1.2531461063860578
.14119465698783012
39880550501845754e-22
3.1028751214940296
.41472851293692864
.38782622655338483
.04868916411155225
2.596141413852012
4.010590459543301
1.8744446511738784
.2604865247903735
.01003928142973112
6.907695210537864
.17153978650932392
.15156157137286036
1.3444402539521925
.4107392724237201
.0622880966833374
.3872220325261995
.09057563499704153
.18167293690124894
.29597970878048996
3.235253967890047
2.2632732635267496
.13695986207353344
.20874758321651213
1.5363603138179074
.21024005727166276
.1874246750057258
.23846259048728397
.2745118661152067
12.276706360188173
6.603355170410778
2.484989041970149
1.2920875022985856
.03415852642302149
7.526720058642175
.7729943676518491
.002834848930847467
.13972858413318423
.3276310166268234
.11834855898703714
.016422589479338754
.06037865810734118
1.6784491368089678
.44720705066877375
1.5672741805254642
.13978765834834742
.07064994658328597
.5766299889195907
1.2520327858385398
.6303741777720624
3.7783970012179156
.5479837702761485
.012363280653799085
.20507033027894847
.0778455497387785
1.9487426926740237
4.639444510466918
1.4266494617014978
.508751361227025
.35045639756455127
.3314936197138934
1.6783245057647307
34498394762867876e-22
1.007657254486981
.7817841264305294
.19061512290027352
.915767812356072
.006006287656779604
.2763770972926066
.07719680397702641
5.360251846425481
.42876114536732357
2.499112346531177
.25475116308947177
1.8095545109139302
.229349630403764
8.834437067806288
.9903492066762585
.6681215348095056
3.9531038188463805
.11092845761560617
.32100742088894396
.2744163802586994
.08332041514602444
20.90053263748681
6252870108486276e-21
2.673913552307038
.5841782310335724
13.04803029133347
.09311748704310735
.20230621528253706
.04832378207195308
.20020232742305485
.1976825285522964
.014405907630919063
.056293759577378255
.10011402429475497
.09901531431102463
.17343615659882056
.3611011477570998
.07792747966983203
1.0846742862610876
.041971763711435316
.5935819469191699
2.7678548858396135
.07289014391305841
2.1781905263608743
.3119320861385821
.4883537698873618
.1845823197162752
1.443599465317906
.0875691188158044
1.9047641427291557
32691255539138863e-22
.0030208555305246965
.47582422221386045
.35703346556477417
.024165170709096725
.19240482993049113
.7605171523255192
.31229395568999485
1.1026363337489775
.3874828292949002
.04760544899272111
.3253572245858683
.22369411500718892
1.5955082875153357
.26109611636564206
.08759363225386162
.3733857305833139
.17812147018177932
.6802967271655159
4.106920758823459
12404723071918837e-22
.6981608680127849
.43145927339398626
.9829380613384173
.04125564258201727
.0553143636497639
3.26775102083454
.07687102217223167
6.979710482343603
1.0272199018529118
.6528004901693686
.17304576226569393
1.0771803133855917
.23593425600810178
.05330375764588094
3.689087002703996
.0946008701767607
.778503751707948
12004363015231308e-22
.5832533020107352
.6910810768057183
2.8864068255845527
.2997398060888387
17780974976160827e-22
.37506468109092567
.48662826730507325
1.9116197787122213
7.857881438481783
3.3344322769978736
.6594268042838287
.5074692724216784
1.8813696097959358
3.401029374351197
35196257348689365e-22
.5157334154654721
.5713004852812106
1.3594189998206283
.25411419935444074
.6033653812582344
5.584844694011894
.9444944235052829
.10895437073168832
4.406058394928039
2.6645378972607325
.029714413777492447
.22978338617548041
.10535062587335627
1.101854051916251
.6209103163888625
6.586688671971333
1.858930980389974
.921292726290158
.3719084202372072
.21009594939748033
.44304434502616685
.3282348735801431
1.1556409438681623
.8957496274167769
.29143164619580847
.7240444594284774
.17677837676424485
1.52236988684455
.4105743942029308
2.7226280671717213
.08276451243265133
.0848287616537499
.014633982510031797
.22749329487039485
1.6531733301843166
.7537876309078706
.14034436461186361
4.638368918841808
4.71295886339955
2.070659253261807
.919052133432829
.5837961162020014
1.4947404954721224
1.7264048764174063
.3157031320259285
.4072140296405834
1.716066604793164
4.987503022498205
.9030722237652516
.012506485004507628
.053932552197230046
.8618146348424548
1.3316314287286493
.9749675310159357
6.045767665054214
23.432463371985605
.060493370451426096
.5334461471692217
.11482252011455568
.8835124599324434
1.396671835538859
1.4905214313588582
.32197096595511804
3.3215687084304344
.04148370970918917
1.7496981589276919
.041421892885266064
1.2988241612606952
2.237685594777206
2.976221166479247
.30906537842280485
1.6092383968220827
.06041444238168753
.823935562315315
.43455612734135685
1.1653130277277957
1.272202582880423
.8114046568124581
.27492664148878493
.8382190509549374
.06924413874863662
.4026247032878361
.14724383851054357
2.244556606554844
.16593434622936049
.8294365811191227
1.4421007051676504
1.0043353990272215
.03526235772142466
.01867343725150142
1.6280570919217807
.10269220650939984
3.400791543126823
.23402849065942938
.0737761779595854
.05118385943269338
.3707671862432217
.5771236105662801
.07752535533711027
.008833856027759041
.38626544185625944
.049981527999212
.010480717906831338
3.2817634765738326
.17048829581230873
.04790182241562256
.4243435159746738
.9463723167717155
.8800913342922612
.5258863406411537
.0294951116171067
3.7132472638539893
.8397161638431795
238.0843321379165
.3432011463811967
.8261501803289603
.814101101881645
1.2642973931665695
.010989847779016994
109.97259606191706
.49224549565266107
.34695162706578153
1.5524898401089373
2.2601059332148736
.08520505329418337
.851369885023079
.264201310606241
1.4665849667664623
.04988532144778666
.2116308857542461
.5548302918654563
.3592357199273263
6.213417428317701
.5932461063141881
.037405435139079804
1.0735909850453653
.14151566771123147
.06184931168140716
.2918212119700154
3.351471694479209
.030926635658129226
14.41146706377707
.27608681569666604
.2325634521383462
9.308322902933169
.6201471015712832
.034049419451116364
.7606187946481426
.02942689636316851
.03506793522068772
1.1831106139684355
3.931771640032259
.11301926242734878
.3538459521135412
1.1766977446673472
.2976151802915364
.5306716611005396
1.418723094654307
.4157178031852516
4.377869552224748
.3918280425755134
.9097388321276043
15310828921790901e-22
.45541797194935857
.16745240288527463
1.4788014815243287
.5642667200531134
.546144681529712
.3835270253956598
.19032330714462944
.13469933518109234
2.2178246732468674
.4023244118853999
.4940002649078922
.004984906975730934
1.023203921078284
.28371966657193753
.024902848706975733
.12910134204485035
4.093766195839251
.8600797427873774
.190620213321393
3.6359503871483696
210073079640112e-20
.5522976840950803
.11740237586859345
.32877690738963095
.5549882175804707
.19232896472142968
.8176984710409517
.3925825530512028
2.05235590807363
.24139076370336812
1.5221001989849308
.0015949255988258102
.620047695934798
.31624541539744766
.9937912402549083
.10223984975419848
6.659946457815114
.3246116796631978
1.0087082527972935
.25184481413889986
.38469962626665194
.08247193355430882
1.8253066086238208
.5259031091273509
.35936874848834055
.583266027725522
1.2371713187179911
.11092114521327275
.7040469390239641
.9705311226153162
.9240841462969979
.3242532791650339
2.9485605666594585
.3642723965245804
.17151977019124867
1.2183442914067282
1.5774282102818642
.6376769880531369
.09622351141865701
.6797329084249478
5.341865994898296
2.1168118924118837
.9505388723794083
.19248414308418843
6.819722288734313
.4847487745657662
.014964725668444642
.19884040412357645
1.0385008318188402
1.007706086528061
.2853335860691873
172771598389442e-20
.6021170927088586
.0020487884575923336
.2408669111720056
.05976800774654579
.008822270787183357
.12606633117144747
.8260700528603393
7.456176255574992
.5927633796125076
.1303781993028852
1.3678241952687116
.08401688029406909
.5581032075719441
.9575827342887542
.04018127068511586
