1.895648396009798
.4663264835340232
.04450528621343067
1233926631213538e-21
.1412155730271114
16779969286855272e-22
.12514841529827822
1.4084228910263235
.07546450881106666
.2887186839271243
.028493373998708726
.03787155132365989
.1633003944301657
.5891257210689105
.08446221999830893
.054061868859508255
1.5709404932266497
1.0339166347541704
.4503608320140055
.019506966747674378
.37301644714026466
2.149430057664587
.2537360216398823
.41083381509941397
.799189027545001
1.0781283442114948
.09025049803041317
.05302848991963724
.125020629784484
.18539822741858347
.14280316281020639
.11527520382945527
2.5240443438596682
.01099902609452607
.05969244517805548
2.3004034763118764
.005497356118149003
.020782369340229784
.04812597123952284
.1266159699163632
.002441684337013453
.045484259883585995
.03741448181851332
.0059660193727453835
10767562477752897e-22
.02004939602804228
.04844183640491123
.057090755233186796
.008245707368158493
.0032940121826938247
.3522440131354883
.004215874792273297
.007862983395488807
.11568044972054942
.042726795570923376
11552507639966958e-22
.0032725065378303507
.11122842290631804
.038318898938741894
.030788749276628495
.008477284962798294
.0057775739373133106
1e-6
.029648186290036196
.3074913207645729
.0015689019431624086
.052777384593023634
.05692611209468195
.37486809403042576
.011225917653211856
.29296260194397017
.02644422498995671
26564409740743706e-22
6060413227789145e-21
1029226460383554e-21
1952411754186444e-21
36158647778507446e-22
10122818302408524e-21
1e-6
11541917341404626e-21
5779903174444038e-21
1007686581351137e-21
534129039262755e-19
4994205547988831e-21
19797198100674496e-22
31050062024751763e-22
19258007486419616e-22
3872138802723897e-21
4883845142585302e-20
9376871382090348e-21
10.488592051173587
.4313221641392594
2.9426453831594066
3.2555889411135532
13057872008926728e-22
.12829009205788425
.2383822140857065
.18986102193135676
.5961286893581276
.37012934382372525
7535431680047995e-21
9.98648392869528
1.5627008028483822
.3244022918947513
.8359892889477398
1.2110004143216155
.9427686062835977
2.3844021157505533
4245581401682507e-21
6.575885774120012
4.16701730315895
.3202039454473158
.5939976359099697
.17908513531979742
1.1735439794407605
.29699016141860546
2.4547536353837733
.6705687296833949
.062209616067649035
.02965970096956822
.6982068391168795
1.188838852664482
.5802333509257517
3.175519103219025
1.2444928367729766
1.076780585319164
.01958899345094454
.3225487114863839
.7225141723232772
.4448495880506324
.975342199568356
1.3438800656928216
.4294803677539979
2.4362773632225014
.01796696403500722
1.1556987500570635
.21939086569199365
17478246888453334e-22
1.4602188703016536
.2018859759048645
.49923686617592167
3.2169788169201974
.1503243504643313
.6477375703930748
22964297966002103e-22
.30919872860216757
.051155907378328036
.3004639790558141
.9976583584348702
.3543644711786846
.3085799440909417
4.67647674152579
.760703676432807
.05470924021871661
.2508966137530701
.017945895027968655
.3529347840062102
7.645403945902011
.02441752061376347
2.204613937815327
1.1713913828087559
.18271865968388912
.386039910677399
11668112339102978e-22
.19971250581905658
8.003033892539749
.48830948061721263
3.6760439497356945
.919099438452465
45.63403473488473
2.921888864215967
2.014143101811589
8.117179942379082
.8730305663672481
.5610880701703249
14240205884230061e-22
.042284060437118014
.09514817007951334
.41103618235181405
3.989184864231846
1.5350889614710161
2.626705147574116
.5863285176314587
.049854022457527014
.8516771469608795
2.1029193199606615
.07444191938155643
.4109423028123877
.15614159577743053
4.281111588462762
.021428868658528395
7.8775459251383175
1.4729285411680102
2.186710374326663
.8726616749225503
3.629113397116112
.21845229712317438
.5827381514240031
1.714542169197263
2.332629078432671
5.242726826720339
.32484807919912034
.42906319886532984
.16903781539588464
.8517667258075631
.15249484910649486
.26465655591051845
.07010607633610881
.015444244597983525
.6377162616399507
.036556439625496664
.9984361124669254
2.3481071782507716
.38873040525057295
1.7247423142430478
1.362294824597873
.13264876377422585
1.9622248566862281
.11986358276741854
5.061290567437894
5.545591514968454
14.037493594533355
.04824448628599659
.12117314049545022
.21817126576818266
3.0005955467611787
.4719381149904295
.48761472554666596
.06144572350619814
.006606145638183322
.21641684265929423
.5530801616431898
.33412049837643815
3.4572428972580216
1.1717516701145647
2.315476670003211
.6117570217846766
1773589168493359e-21
24685900902311115e-22
2.2690736177239206
1.4269526291274408
4.707290441978586
11372175770916776e-22
1.1930056605550654
.15937586231769213
12600978228513928e-22
.13349319188914066
1.258945334298521
1.8778857815550731
1653411905380397e-21
.4736692378756673
.9980897374087171
1.4137097382737975
.9691125870929252
.09934938245166594
.07589594988459213
.9153107174481094
1.536699646413386
.04317098100135253
2.761853103951875
1.5648981530621286
2.405748150891173
1.216312394696111
.8872667218797232
3.453631087356026
1.1919386321385526
1.4377354042178707
.000894407548839696
1.3952109721550763
.12139803164975944
.9283598116637614
.18893296928305234
.09523493769552649
.020498570798274177
.12147987425227086
.9264035222343744
1.284645865912107
11300531909855294e-22
1.224990066650481
2.9593379939043896
1.642392401727737
.15142543197373518
.6922618578576983
3.2997916730640373
9.024855110409774
.4121550323210517
.2666838971941637
.4553583053762027
1.0049116769764337
.49409241755327193
1307182963193478e-21
.2707924844252777
3.3861137696908603
.19934071080251484
.10326774640192155
.46512879890549075
.15016424255098737
2.4564841660687713
.4024253033579664
1.882051748784726
.9357591994416863
1.841316128694595
.3690266885663188
2.017170013290191
1.0585911594127664
15495877924864738e-22
10826141553299693e-22
2.0575406399883027
.017007198976528873
2.2104105654683828
.2193934933551584
.6668024449310918
1.2771914997620484
.155880066024667
.21523916361838363
3.795369830831505
.9184894915650135
4.037536570886462
.05008725022693536
12025024368334369e-22
.14297492724223118
.11774782279701912
1.5959945384429433
.36506210527410704
.034031944369055794
19445512517688707e-22
1.1730292329781447
.2009305408297392
.8174837201369488
.9567542638430538
3.6683906450185817
.0560136249358035
2.0237449504181493
15.53438099348919
1924966711191749e-21
.5096784151037698
2.7603806906525126
.16734311272233626
.06372555175962122
2.628653544339561
1.3428430833697078
2.4593204018713224
.39380632266256255
2.021585451538036
.9951822810898794
.878269424816231
1.589878994214099
16.353388174581063
2.392623786008909
.9567178933473794
1.349460266036142
1.7653620029685655
.47952430073873475
.43256970207685225
.328411302587985
.8593692911138173
1.262131646225829
1.0730997640081799
4.99198883755188
.6824905220417365
1.8384505952282733
.004056583130343719
.5909071724415552
5.439685246233254
.22122346800999182
11694538626251094e-22
.1939380059927263
1.0287432999535837
4.234918251644322
.010499218197128133
.10189036277808763
.0860670134361391
.2744683431828983
.06359687709301566
19791532382755348e-22
.4581007072352694
1.9470563360893403
1.2888100745110065
12.69825646967271
.9603732682789227
.0007874974759024334
.34725134899443594
.7873085385277858
.05578720779484744
.8756887423324777
2.0165956910285363
.38098801376886904
1679286991862034e-21
.5114652887521708
1.757308648843396
.06716769148386965
.203822778218509
13912739630212343e-22
.6617254317127506
.1373815591361898
6.183774647242091
12389194577928174e-22
.15632738171687297
.3097356368633708
1883492085209141e-21
1.503857072754063
6.099119210790323
.24680390993749257
.17722032388140802
2.7967893252663054
.2426457924519972
.2095239254494211
.33359329812736027
.5175590244377112
.7684474455028253
1694142886744025e-21
11623983582254447e-22
.024635537221744917
.15851204212928455
.10570302221594276
1.3652457973278207
.10508346510727898
1.2496827349141295
.8113770449637386
14541910228837648e-22
.16724792958667384
.0826741088525147
1.4339144067795195
.6252276621090157
.7632138720446684
.5541861526452143
1.0220333172683613
.183410027470098
.5041562498250445
1.4710049099145066
.1982452528606642
5.9018977694654495
.2820686677742805
.6098715875987772
2.3497493129947773
.2008419567005304
.025771769879555165
1.5956925456419129
1e-6
17932808987369174e-22
.008259541565772625
18448807995949697e-22
2.5354690569135467
1.5153484461232174
.3882745926145311
.3489113300165312
1.2952519600100694
.19643566694116987
.8519829900355502
.04398936088647701
.0794222893749612
1.5710524709088558
2.2890726878264287
.05387568762993586
1.6133996167003588
1.148682020135785
1.1094950531120211
.558351051828541
11075861062878159e-22
.5891633862926862
2.8923738094894262
.9651575266791196
.11064984298645114
.08467296165871481
.31189643679418877
.09441415667360335
.00951168621702829
7.988388429653876
.09529432223393677
.7493783501213596
.04343480811581412
1.6345028848878753
.1257983522947053
.21176903558746732
.1914259035303319
1.3407825791520565
.8507587260207059
1.5256867279927318
1.3882521740646303
1.0809745669065915
.22052487180169328
12769088313018365e-22
1.344991945015654
1.83121056566534
15162471317927703e-22
.21637997117336946
.5636626126842323
1.3997646170385634
.19217850679697135
.958418641352089
12.883057868316742
11593037549221833e-22
1.1894578185265603
.10116531880243322
1671325155957951e-21
1.6569177133133381
.7477814547354218
24762991879130744e-22
.23160811894968034
.36899150645013457
4.163870114224798
.5397533897204777
.4126114425787356
2.7142475650805924
.39759961720654047
5.505231312310327
.39942321624416494
.1486643587812641
.342102663966192
2.6013851956784473
.05543277971195219
3.1717232694266753
.16721740181353667
2.700953056404069
2.1022838192462707
.33972952640215515
1.4824900084767778
1.4240772519703897
9.495549657689896
5.822406061308623
.0758914875857775
1.3659486133162377
.7366829094873429
.13994792697353486
.29499624395526725
.7881352479948104
.07525332823149238
2.173481132937012
.21063122788536998
2.0015650749816745
.24332898697830835
.17146613041285771
.15134868139380445
3.010811360005545
.5529498068429382
2.1660650836406274
.19236304031323667
3.2644784976711954
.12602803303239635
.7870621435626682
.03855377601210442
.17297103214355372
.19659615357687332
2.7409182882266214
.39586562569295985
.14871038602723677
1.1568261239760238
.14872719426934658
11.27268982968078
1.2640803432109031
.1825212095134639
1.692140131328005
.1303523344511288
1.532418166313157
.3548620693853883
3.3362832438556076
.5969980133201385
.5081157836187652
.0413554106316375
.06894901381203927
.3589587845094618
3.664351506954211
.045400249358370344
1452539343340706e-21
3.930824424970436
1.8539428122808357
.8985651767149201
2.156844951603392
.13383989917548914
.06942172743516942
2.8727161871979976
2.8191306479321
1.6303806217523171
.08476890960159567
.5751234132309431
69.05340769562095
.18495908954371607
.4634949837840809
.2088982796747556
.642525858212788
.0471732844453704
.9878440971563429
1.194549705566984
.004040828292239628
1.094757729967738
1.0498494873323176
.11135537794385444
4.136908104148635
.20288535269680627
.4302113693684345
.7667408095536226
1.759465869723225
.02325460146085634
15.030167555328013
.4973217184878924
.7198707149942873
.08546075513740146
5051309623111255e-21
.42952313576333345
2.5409273746234216
3.02529574085701
31.466439900797397
.27246047184622335
4.471292441286107
1.4587445791099753
1.861119191240347
.12884950245364254
2.772883738514289
.9717140064976527
6.328088725487941
.3936988863820661
6.838038668920254
.056412708458360106
13.181929691227399
2.2679479983257496
4.703393478402319
.26907904706062713
1.4255096509462915
.22593229615277594
1.9784090922315705
.22787981574632413
.8336042470887868
.9922296129751331
3.9843191210183457
.05005387779169267
1.5058405554408885
.4082661381285345
2.1534046255242787
1.348197821987352
.6266985826403143
.046245486307523787
7.001742751197429
.0746573466340679
.4550828158745285
1.6134149174072352
7.743734454509289
.7051326201136777
3.1135547759930198
.11248987655897166
2.14855229223663
.10984035913085749
.6778191887179511
.6260133090594033
.2025402000522694
.12377864187599139
.30967022759071794
1.0734114572928517
.6451501720143874
.032259482127200326
.9953513785994841
.09074477508709698
.01501745205951672
.21577605528737664
.08972095865397667
1e-6
.07476108007593824
2.308900441158015
.6016731429044941
.25058747426865124
6.210368593126107
.6532775199707661
.4888261214629023
.22196413476520743
.23324105530780254
2.8279288629955195
.10574100235138856
2.532291603323963
.09540741287587101
.026000012713557792
10238775406001128e-22
.0643777510667166
124684211608949e-20
.041997908019095906
.6072710918780149
1.1397111056824476
6211691215304254e-21
16845687304153481e-22
2.638855905980898
.12210720082114886
.23081173525998888
.14553598361031506
5.848327486170611
.3027951521920775
.7828311239258254
.18630990395134017
.9487176722159969
1.2859803485312746
.9410911120835135
1.0691954592130486
.4142034759326515
.15550336298383727
.3952131306208951
3.1813365575366968
.15069110381962286
1.161749826127055
1.2198375111449
3.47545663671576
8.424448709112818
1.0967729505872776
.017752022985137218
.038313308710464754
1.7802984479312651
.06627254129842623
.21935714256468067
9.53563534834222
4.601311645041763
.941623439772107
.015658720624019736
.5244665984246363
1.2933806088731297
.05115693581633601
.5063367838869417
6.562143013255744
.8733004531269455
1.242395963120869
3.7222608661005907
.8602214275714417
2.0348729268467283
2.4682512037391637
.5339755838497225
.11980620965065866
.8053196884659231
.2320398915093269
.556291111043947
.5476641221830583
.5048081502399029
.016259550823179127
11.273117509426502
1274477291964488e-21
3.6140180374936763
1.7800323351033964
.5273280545662825
3.9128804094611427
1.4943234457817085
.5049180546479329
.02901906326624051
1.0000190811035867
1.6206937607885856
.2259702633243582
.5472314472856556
.5014760221904766
2251985902729562e-21
