1.8194995904554343
10464382546398607e-22
.21121008112657894
.16143577057394365
.48599584329510076
2.3638277797731067
.20617405733635852
.25047808854341896
.07050881128983208
1.7660823546534472
.008055306707727486
.11212867451290245
.013781114121405567
.0011616197914674398
.2507211461375715
.016215305797385896
.004144273775118934
3.6992548883227987
1.578959065549291
.03972805635756081
.14673516254176375
.35212532275265496
1085195208654081e-21
.0951396598385191
2.919707105542102
.0466461630742563
.283207954708997
.007049809372651442
.33726833160929703
1.0006437774057024
.5803070756792956
.3857078320933187
.07585585660961734
.20455263527243367
4.3430517740529275
16.991935517105595
.07359169674340882
.006839932457562476
.017680650639149142
.011568740509676233
.0011479748291897789
.013575019423650162
.026623558471510333
.04476128665285388
.003017292570254271
.03272943597602958
.028583656547937798
.12897080589595472
.022191397379674873
.002656315701990703
.8052448728315927
.007129314285497848
.0013008607659738313
.9992601436047065
.0034530363756098558
.0005806577154538635
.0793207283839559
.005711662517675694
.000696680147426862
.034514728603270914
.0006535150925264451
.0013956578544117762
.0012502638715847791
.09694355277835827
.007305416539291176
5.807627759301707
.026731241923998623
.002284920395386979
.5810831964040478
.011686581169839706
.017971885852620526
.09696444185819846
5583058788852519e-21
13335273999793659e-21
18782638688673263e-21
4423310271166625e-21
27431604687008728e-22
2277132137816027e-21
27131421019785065e-22
11425033358518773e-22
1882967073328582e-20
1135822352318497e-21
8649658678674923e-21
373073008166621e-20
1122552120842262e-20
20911490371188015e-22
1958516871103605e-20
16826905167123112e-22
15061727467986041e-21
14001657962274973e-22
.07992746072901694
.06765881507988131
.05993826907297656
4.518930380616708
.45726814655411546
.18213202320602667
.6704129781605875
.292962084453554
.8051385849397547
1.6225319642179856
.2273742910317754
.09144906705020456
1.1519713275494055
.5716893475698152
.3487958249241766
.6935076005261481
.43392713228440916
8.609131312794785
.31411390011568674
33.070608767274415
.13261211065720122
10.069771670209466
.6732096022788804
4.598527871392956
27.618807683158394
1.1699627742914613
.01254159559580756
.6331762417331829
1.7998845865524964
.698567169275436
14646192544990389e-22
.1284959757098417
6.025167278003592
8.729168574667987
.055740899024061576
.18896544058936354
.4704037273648482
.420265462136864
.38400459727796565
.4452389361407833
.762401783720913
.8743181899237997
.6543900619122995
14681536478332937e-22
.012185547444187565
3.9781272470951237
.1499373694342649
.6296080318772912
.1614107528737389
.7243677615660319
.16182305971658367
2.646113758688052
.14549086341789125
.718670057559029
.05175808279915327
4.031283617020696
2.4948967283915953
.20017940469584744
.7654087576814301
.6690983191527264
.10416799320614603
20.687405756599013
.03277300817496899
.1940825490011736
3.175145244121407
.5209179593455144
.024065396091274546
8.132186945683067
.06551484214603519
2.046662040891761
.18143049695923671
.23281768683304505
.15494646251610247
2.0905879131851166
.5401240977519518
.14672001408063812
.07711135766628863
.7738352645534908
.750684267235352
.018915113700388585
.6307390361181999
.07668820399408767
.6896926234010731
.023541039483463824
2.17079719473583
1.0668821613341726
.15387139644883752
.0015247202218704734
.48638852837991886
2.2164606372324105
.19095464416553415
.09923755580434393
.7033491100005982
.47503093098814236
.0329044317170209
.07243670863549588
.03475344899099039
.13256204879399267
.516197175077997
.5371540656051274
.13811397692419644
.41332909359995407
25789936827247438e-22
.3414686713227823
.334077504357174
1.1919681640636166
.7458900390868111
.011672913436974852
2.33986390514939
3.5844957700094797
.7449805113343319
.03353788389057627
.02378916914955913
.1645089119290382
.04790442515982163
.25375675779546586
4.268983049987411
3.936226022028198
.2238317605007072
.5097445839326485
1.736424446400143
.909791094238932
10662530261340554e-22
.1015751204921184
1.6397426370109658
.8929271565257604
2.8073130098020203
.08384695164457968
1252710488814645e-21
1.2229648183424653
4.24898587136989
.08509468786320992
.6978986619908285
.34799131293249863
.09038380094617496
.020369389452586983
.4204661312624006
.43234122622344484
.1657380321852808
.1554437966797261
.2417336962521166
3.54527976536595
3.554940039728099
.8108912092550299
.14263692214482016
4.178953786317419
15304921104765233e-22
.16195462280110456
.3023770081579968
1.8988720377130606
.860400414459709
.8549180598399595
.16122135981299152
.715685732052639
.09943636645935723
1.6663391675304173
.40946306095304225
.25139142927005254
.7800325036561624
.1713492695293613
.19740170823091868
1.2647953456288494
15134824247502774e-22
.0970394491993714
.026804752127976318
.9586925564246875
.25366386765035065
.056113947630565084
.2530361361661767
1.7528110483205759
.831322235241792
.2067068728226989
.05604400771513904
9.724789905426503
.8023960928771054
.39050317917255983
.28679256327202013
.10044815984448811
.045471254587974096
.30953130215050895
.8457135052284447
.01371041248714505
2.8676512172949886
.04330847786686424
1.0354896706803298
4.466929402482932
.20926015361325323
1471256960707079e-21
.04046847771285489
1.26094341596148
.06605911521123306
.3088467334284788
.4388078088254976
7.0431626828591405
.05712381364991384
3.0912473242838874
3.9188906165184694
13935691940368747e-22
.1902004726815664
3.4362044506558793
.3495958093932651
.007204672687320352
.07073604011664703
.6779384831654689
.9632147187930147
6.898460422263737
.348351447848482
.044394274632028934
.9781305308949788
.35366735230871094
1.0134936617422592
.04073189617880217
.006142789896740801
.23975341686511129
.38292272535436866
.2829795878413197
1.8582967104482222
4.742790329203098
.039551886234481894
.6111834724150655
.5335954334381634
15118796111765675e-22
.022833056654845946
.4904022458333522
.003272887740492627
.00610595472446975
.018570505475557796
.20886207082426284
2.2213143453985884
.18980818592839077
3.1094955987831376
.0636720982000378
.5342839875385182
1.3574591998843537
.04449861117926749
7.246657266575792
1.2756001770861154
1.1617703722305517
1.514785070877845
4692683720534747e-21
21099560029262326e-22
.3454838715894631
.32726970138409567
.7115741860323352
.031849501649207
.05605352973670978
.022990294234531226
.622041454565649
.7238846148051605
.6881351685036237
.015045148331160833
.3188413527913978
.01087955339384797
.10808193582557303
.14615577185068876
11.14600126454605
.718171106364903
2.951650333831898
.1875244910938196
.8552638618192043
.1304699989594565
.04419737210303301
.49330541970538194
.07423760606762973
.9062685160781081
40.71611053315024
.5750666823987144
1.2209427217171762
4.375227038242218
3.2485184075436835
.7267925898620506
1.1706437733470896
1.1425048340867106
.07510938842020079
.12298353640785485
.223461365865143
1.1570978944275567
1.173930819294306
.520667426286457
1.1912140822336437
.002069880780628526
.6358415318568805
.4343416724711593
.15941195118520854
.17518579267828704
.013702364218720226
1.2617506311503501
10.918710938806685
13299883685383912e-22
.3743806684793084
.09882878027272966
6168891756417095e-21
.12812510183377449
.03146690514461716
2.265763642091801
.12292660838937547
3.0763600275535286
.0066850014220907125
.25757108803247664
11293566886842878e-22
.04984775716505856
.4622002209602447
.022005685141858716
1.9313249677490836
8.37447444013732
.14344546723441307
7.666039194984126
.20875934031842983
3.931865088969947
.012269249778757258
.1032494486703839
.20018368343587734
.9316323502711975
2.6678392057032294
.8479734450472636
1.0198438172334594
.15026653622269356
2.4248065742384846
.37169216149916645
1.4621768861527549
.04689677229089505
.16864254643911983
.2000666983939112
.6008440111591783
1.346937621765779
.38076669426535015
.21180447051487114
.037623356847884606
.08141182277341377
.44983586662552266
.3614998432324928
1.2977344608690038
.18339050902317955
3.7111601345889706
.10396811633623272
.09273750686995898
.07601885545165771
.3951184660898056
.07821481216759199
11.300635235738802
.2751226350570288
.22232152792579613
.03404700925632578
6.380296292593536
.11737099414247729
2.485987930176824
.11002890075480774
4605573405835093e-21
.006452129596359484
.6899462633985111
.44576901958883686
.2947490877350349
2.3218920008978876
.8425580616765145
.030760092900235507
.09909315280344023
.28983316939730097
1.7218712206862479
2957507531217893e-21
.7779999771083798
.29794016185582944
.09685293912038166
2.3578533769860557
3.394504304232436
.05906035087742492
1.0385970376207088
.37685254417806613
2.4886856482245108
1.9675605239058185
.022447743962320972
3.1461092068717713
.4326393292541557
.09078688922698344
.053275366592315264
.5606759639132882
.031805736198023425
.37561039527892537
1.3850600332113392
1.6510517644389378
.2627448748332313
1.5447890761284122
2.8287441284473567
.010611621720552454
1.519222144003855
.10407970300060021
.6314211115514204
6.961001389635904
.16199436389803193
.39801347760250483
.24435672526545565
.014918492683495562
.03112774877032917
.7621918579560832
1e-6
.17445943948689085
.41817006934735246
.13427347763944403
15081262642657367e-22
1.0648247481194948
1213099439815119e-21
.6127184541627396
.6780238188441154
.38211467252388254
.2814810466657497
1.2869388569251923
1.2191747962029948
14.957820871291316
.12409206698714574
.03579018057117137
.07853837033446764
1.133592773526419
.3456271769658821
.6164193518167664
1.942692807234461
.024925184641539762
3.397664281672939
.3115334335794531
.0006409371779569373
.3416385554267498
2.176662749931478
.23723213282336952
.27574008198927724
.1307280656560005
.23628906027417582
.35954327179695683
4.752983941981749
.010336038976137463
1.0223611130612384
.12272153859067741
.3421621100015779
.22084264750169946
3.551558277066155
.8222690629763278
.04680365780774404
.014891357587766876
.15624321413328007
10918309276888094e-22
.23789333453991712
12629913219441753e-22
.3053961050037072
.04328988794788497
.730644415368556
.0846272995317972
.023610472256586294
.42719209774443256
.4559408676416771
.09025323321131629
.02036379222455848
1.9117155751170274
.2974061596338061
.4207228052938271
.685198153416594
.005026326940536865
1.3458982336247198
.7387346549453715
.21063822010897276
.03332058086689251
.22829586050031353
10342703305982161e-22
11.951914179657592
.14046315371244406
2.430399349402913
.10958623867062055
.06318328557195309
.1633390589343282
.048988748791604635
26394492834254657e-22
.5621764545955116
.010718883634396123
.11756003755708806
.5355503843826307
.17386099388085205
.6962200415546268
7.171412666444293
2.057647282230962
.2075105103633757
.003631413082349069
.05373052126831613
.08878306567382539
9.175936317049862
.058595145455241596
15.504490096342273
.12648468642583482
13.363572352482718
.11521317356185741
.24894435099902384
.09680346043493257
.19627087543128133
.11809816191524734
3.4738645129077934
.0041756449995512925
.04423502485316514
.042081457921643084
.15130737380843906
.01370934192472944
.14926265933405214
.15363930199483844
.46949468827071844
.4738532169759869
.9978261809525019
2.348404264629557
.046492884027414534
.1062023387012789
1.038462395382356
.6698778162209775
4.681006749947283
.031283088961740965
.31395321305395485
1.4394713670702626
.002874850465153054
2.142043640163558
.7933966470717891
.8316699723244912
7.826545567350808
.12791593706710164
3.1424442331604814
.018799837402374262
6.25812494412674
.4492812266084836
.06507971822006496
.16916181516111067
.4727113228917158
.7002538207640917
.08569059278687957
.7299435059088171
5.8191763551031155
.8403905127850116
8.301303831451516
1744753491473353e-21
5.595315960005891
.05670196968593404
.029511656055816418
2.203969353698887
.07838563792196443
.09073054325271361
3.411336784208068
.16900740395745772
.1514548502350802
.526368589557113
11684734398658775e-22
1643028774818073e-21
.07279699834499888
.006156254518304053
33690211454001153e-22
.36263503036370925
.25539395643231094
.013847118599066024
1.5570981019697936
.07804849066178325
.2106074074737192
.06964789771137858
.20123662367718748
.251611086612941
1.269908829834803
.5699130383039398
.8307285952039837
.6912373241399757
.6325493978019733
21057643602856747e-22
6.499449469363762
.1266949563318208
.17590690087959132
.002751374234458786
.05685150529590177
.5026268766742719
2.1598153073454505
.13580094387236036
3.156732300796576
.4521938752383108
23014473136200244e-22
.17037449486730788
7.8562846967817865
6.50054341804497
.05830623399583065
.0703849226575338
2.8175147702265217
.9850440380670502
.1905645264648354
.22783899191791623
.04783850700831173
10983908831060166e-22
.10767927923844162
.7633706963184075
.048867378023885674
.2749733562088145
5.343188653229183
.24983991304929998
.27558157840090874
.362901165584641
.9870819242541009
27.780228403169353
.711632162263789
3.199809841191757
.39625788588023786
.40533158937331476
2.475413722603553
.1893010944115478
.47428202091767885
1.4144460058540895
.14588902715458865
.14710345517405665
.5213324634677692
.5252029478824738
1.2005312754404125
2.581614946166347
11.52111349608711
2027979870407537e-21
1.6848155943763536
.5871280644885181
.04159745044471932
.010673578732983607
.0068981796103570235
1303415060371613e-21
.16395292017973864
.081173222940986
3.9449848102156166
.1453840429527762
.9968456928147004
.12090302856700982
.8879246742960795
1.1481620080966923
.6197190576442022
.1780713642232031
.07051800806109855
.04611067695323053
13431773815801343e-22
.7553356294796935
.7059069904503823
.566270439280785
8.174387322626073
11942860367356965e-22
.32478318360850084
.050175393380058164
2.1790065032868804
6.473999577231684
.7102830252698064
.06660121493709657
1.0373681774242078
.156132079272037
.15076202054403917
1.3330714497801222
2.794238391959683
.10590097560908455
8.18808759988138
.7291776311070804
.2458289054793391
3887337833881747e-21
.005510797842858234
1.4175098390750775
.6524158033717662
.046123613875538004
.14810188761784712
