 0.00000000e+00 1.00000000e+00 3.00000000e-02 0.00000000e+00 3.00000000e+01
 2.40000000e+01 1.91300000e+01 3.00000000e-01 1.00000000e+00 3.00000000e+01
 4.80000000e+01 1.52800000e+01 2.91000000e+00 1.00000000e+00 3.00000000e+01
 7.20000000e+01 1.94700000e+01 2.50000000e-01 1.00000000e+00 3.00000000e+01
 2.40000000e+01 1.93200000e+01 1.24000000e+00 2.00000000e+00 3.00000000e+01
 4.80000000e+01 1.80300000e+01 1.50000000e+00 2.00000000e+00 3.00000000e+01
 7.20000000e+01 1.98700000e+01 1.60000000e-01 2.00000000e+00 3.00000000e+01
 2.40000000e+01 1.97000000e+01 2.70000000e-01 3.00000000e+00 3.00000000e+01
 4.80000000e+01 1.88300000e+01 1.13000000e+00 3.00000000e+00 3.00000000e+01
 7.20000000e+01 1.96900000e+01 5.50000000e-01 3.00000000e+00 3.00000000e+01
