 0.00000000e+00 1.00000000e+00 4.00000000e-02 0.00000000e+00 3.20000000e+01
 2.40000000e+01 1.06000000e+00 8.90000000e-01 1.00000000e+00 3.20000000e+01
 4.80000000e+01 1.46000000e+00 7.90000000e-01 1.00000000e+00 3.20000000e+01
 7.20000000e+01 1.54000000e+00 6.00000000e-01 1.00000000e+00 3.20000000e+01
 2.40000000e+01 9.50000000e-01 3.00000000e-01 2.00000000e+00 3.20000000e+01
 4.80000000e+01 3.01000000e+00 5.50000000e-01 2.00000000e+00 3.20000000e+01
 7.20000000e+01 2.92000000e+00 8.40000000e-01 2.00000000e+00 3.20000000e+01
 2.40000000e+01 1.10000000e+00 8.70000000e-01 3.00000000e+00 3.20000000e+01
 4.80000000e+01 3.81000000e+00 1.61000000e+00 3.00000000e+00 3.20000000e+01
 7.20000000e+01 4.21000000e+00 1.69000000e+00 3.00000000e+00 3.20000000e+01
