 0.00000000e+00 1.00000000e+00 2.00000000e-02 0.00000000e+00 3.00000000e+01
 2.40000000e+01 1.02000000e+00 3.80000000e-01 1.00000000e+00 3.00000000e+01
 4.80000000e+01 5.61000000e+00 2.84000000e+00 1.00000000e+00 3.00000000e+01
 7.20000000e+01 7.51000000e+00 2.47000000e+00 1.00000000e+00 3.00000000e+01
 2.40000000e+01 1.90000000e+00 3.00000000e-01 2.00000000e+00 3.00000000e+01
 4.80000000e+01 1.00900000e+01 3.24000000e+00 2.00000000e+00 3.00000000e+01
 7.20000000e+01 1.12300000e+01 4.05000000e+00 2.00000000e+00 3.00000000e+01
 2.40000000e+01 2.44000000e+00 1.15000000e+00 3.00000000e+00 3.00000000e+01
 4.80000000e+01 1.01000000e+01 3.29000000e+00 3.00000000e+00 3.00000000e+01
 7.20000000e+01 1.17300000e+01 3.36000000e+00 3.00000000e+00 3.00000000e+01
