 0.00000000e+00 1.00000000e+00 3.00000000e-02 0.00000000e+00 3.10000000e+01
 2.40000000e+01 9.60000000e-01 3.90000000e-01 1.00000000e+00 3.10000000e+01
 4.80000000e+01 1.16000000e+00 3.70000000e-01 1.00000000e+00 3.10000000e+01
 7.20000000e+01 9.80000000e-01 1.50000000e-01 1.00000000e+00 3.10000000e+01
 2.40000000e+01 8.40000000e-01 1.60000000e-01 2.00000000e+00 3.10000000e+01
 4.80000000e+01 9.70000000e-01 1.60000000e-01 2.00000000e+00 3.10000000e+01
 7.20000000e+01 8.90000000e-01 8.00000000e-02 2.00000000e+00 3.10000000e+01
 2.40000000e+01 9.60000000e-01 1.30000000e-01 3.00000000e+00 3.10000000e+01
 4.80000000e+01 1.12000000e+00 2.20000000e-01 3.00000000e+00 3.10000000e+01
 7.20000000e+01 1.52000000e+00 7.80000000e-01 3.00000000e+00 3.10000000e+01
