2.1910289300984718
10654019412440433e-22
.7245228993831344
.12349618205862997
6.489272097633127
36232976522668917e-22
.5782861581409394
2.046594147710172
.18556624348027342
1.15835903187607
4.39606042143033
.511882817909763
.05120168391552113
.15551271951930462
.311797757179925
.03632298372921957
.0006164771893796977
3.537922656912059
.2768049001632119
.023254239859227005
.09361889463484975
.8084764545829939
.32290954989517345
.637679298981656
2.3066798045217287
.47808637633880635
.02402876060181545
.0029438438187375606
.15710702192660891
.21097114612736934
.30951906287033626
.32625145686147505
.9117908964774899
.2713256254081823
.003776545824989319
.4281816138021934
.03236994337661583
.010229321511648617
.009536921879233355
.11717511365212657
.008977986342683049
.22999634867042806
.25336035082907943
.0025138146009404966
6554273597764441e-21
.03709442730307029
.004950228626961438
.0210876402890831
.006772395630342981
.0024096277516546835
.82470952249001
.026995128433201572
.0031510333859621985
.12818464501113247
.03201570735900757
20528664523073274e-22
.008236361570183872
.002432684888992749
.0001024736258115121
.016621652475759998
.021725545717738146
.004113859991768021
.0014818503823875076
.004165347265958904
.10157585449046734
.0017544323655158181
.02001058279916626
.0011011043198144827
1.2135591886175687
.0003934852335829668
.021322736532927114
.003758102162235482
3433804223449776e-21
1083254416221639e-20
10926470966211819e-22
4089470064823501e-21
26106269001833694e-21
11552974973546193e-21
151216513064369e-20
1455510445282495e-21
20032779997956615e-22
13456397122594885e-22
11234401744298103e-22
2221988145569184e-21
11021718559912662e-22
25267466443655956e-22
2193525406750564e-21
26662386625548996e-22
10527450640149898e-22
4038260686904546e-21
5.093095201254874
1.8009710683053903
.12946829083724726
1.476757723150838
.013609697377548273
3.476185186417105
2.241885559016788
.8764638993577238
2.3267300709973875
.5856950902603737
.9270765116210322
2.03309349590507
1.3578887407077866
2.9948940499636847
.13440240247888172
5.107401997087644
.664802461898682
1.9239980705839983
.42985425828218804
10.632692342271326
5.449727721138628
.6082921328183644
.07126209528693506
1.4904214782809668
.5139280526048994
3.7227449349950863
.1961682743688442
2.645795520933684
3.958427726862867
.045428743960764253
1.4213305287979925
.18082610518811398
.04185845211700355
1.6024939034900312
.16906193520217766
.13765601567931077
1.0480510668791934
2.211073407105165
.9994038014440312
.6835491059062154
1.045510372415182
.07238812687115138
2.3487066479124175
.7921866860672291
.23022852583943193
.7870287286784706
.1262067540167668
.9885505406177877
1.2643631111448395
.5386671291158787
.5197567003326153
.5217073264640654
1.6644511362173224
.6854156920956664
1.1464443535958015
.14707483846559527
.6508478278840873
17481913202664612e-22
.07928238834244243
1.7091539650712748
.3371838272970362
3.074784771691013
1.0984325767388319
4.268736676471625
.038251404191677954
.35876745994039044
.8480188228471992
1.5331805189469598
.7808233807301173
4.245520906306219
.029611112453632356
1.066892067210467
.04913563006071905
1e-6
.18834825798097155
.5849048013803211
.1260351032447383
.49165479984065014
.42436541999776933
.5143826740229166
.3354887262719119
.10479885175099021
.146709174577407
1.4369805136993303
.2719609864611956
.869557096596595
.35439864617054617
.16767671174821422
.6129002548135796
4.78527365229596
.6976587482939042
.08438634459096475
.008570106936132256
1.3980601954955745
.302629417704512
.2169775208242862
.31288849396477586
.07767696055869575
.21661474791501562
.3711480296551539
.007731963663404555
.8064772092275888
.12943604561604435
.5263310656464275
.7462777664839744
9.844701623709327
.3278833835546928
.7984863769577503
.18382856429782876
.2276632818207613
1.9877012351167092
.24338463116376968
.128545960020035
.08157589550058568
.524981801179228
.07822873968888298
1.4249159414637154
.5232747137364553
.032970291801466566
1.1029285021324866
.08868477001616863
.08053870529375168
.13239945174673856
.12370141856715264
3.2549876547216257
5.252092202726112
.043670629459219096
3.448887409566062
.7522963791095849
2.099822756530723
3.553646545836462
.17119236233846133
.8792618997413023
.4030022767565988
1.6981831279338582
5.078085969922445
3.930296057539385
1.1635901008975094
.1338753364636477
1.2120785027878311
.6116754922902122
4.420891166831033
.05755059984101756
1.8531285835376523
.06764967370757809
12.217550501214957
.3397182212796148
.0418669608243935
3.6494639379006597
4.829207563635165
.24653753835223635
1.7881552288142213
.5301511032319276
1.8108198845213375
.33099900447176506
.42931754492526497
6.189288820355332
4.831167385848529
3.2686958604138927
15472349753055257e-22
.380044726130109
.17848915799319628
.9795801596202525
.2515686423562364
.7399140326222172
1.661022346462131
14.406478158971845
.6862139030756015
.22260425792323263
.4388087233565835
2.4843751101685037
3.922621228974922
.09193265358992106
1.6911207160636696
.15253448282167661
1.4100355470792596
.7661045860261312
.9892004767303888
.4227293210575636
5.728703442177111
.31912458418255024
.3318894658143788
1.162892932230259
.5495796713693415
.08773660839916114
.9430063804599608
1.1247470080534856
13207530412175015e-22
.2168641586238309
2.6976221771917857
.47415661442788615
.07501922983416831
4.35864510444245
3.873941649750705
.5018861148040414
.14627397692246988
.04327705236115026
.7471040918746837
.11883763177159866
5.214359210927758
9.092431097741201
.6431123003872031
.7089761474171246
.1386132822390584
.042956139073058223
.11175103428208846
.12816272491312666
.16792435537694614
.33708113198512474
10.973856460520642
1.2994083816897186
.17286241284558132
.11561544815992829
.7137232761136181
3.8843846468308216
3.0156480137432675
.11667414936091589
4.418135508283749
.36076698819315733
7.6974002043961764
6.696527986903216
3.1460113833210865
.2127835639362194
.6075052899824562
8.224392480239825
3.588485975466532
.5219941945564186
23.647584049586555
5.825753599787615
.12132165383154528
.6976886027331614
.11588786684731744
.26670621954777635
1.554862203829588
.13560151073941376
3883204124569066e-21
4.766136498076598
.4203093058245649
.34521428924843506
.0524143590317518
2.5604784663192457
2.846732110330952
2.459003818304022
.5605239673856705
.011227046843988047
4.671093080050806
.24686159602187102
.11934455824839751
.797790293301262
.4874551798708935
.06753518391559322
.5358394830943699
.10123875986486423
.22170445029763516
.2876479487953123
2.483443281252328
1.9990599296180633
.1520573700272108
.29336238284536287
1.2103600856637584
.18257935194051378
.17710512172175802
.5054042266149339
.16846804381426303
10.720715042411825
6.961946393971949
2.504357308882436
2.1769709242648774
.0364174025104776
4.6296526650461995
1.135237960800973
.005539364061262559
.13658534394591837
.30437779930963627
.15566146921858742
.01701520330358362
.06988445688198666
2.924735909229337
.45216649495285977
1.875981973152269
.16123013189221158
.09066616204592852
.5903887833448317
1.3631721716118048
.5163560508863743
3.5592261834722705
.5790677958482532
.00850829965675326
.20325078655526482
.09312928490092591
2.7031747682533727
8.312724365424852
1.4004337289180815
.5483175539007838
.2925367510437778
.736913525814606
1.240285901224204
3329875842995276e-21
1.3641328233357113
.7705712626518109
.12879588302808298
.6150577776057891
.006594760335400449
.33731604726573783
.07767394092087743
5.905184604515162
.32398532525619905
1.819402660164643
.3133423296251955
2.0728578796915267
.2079909877343033
6.7272445013347335
.7903604778795553
.5801933916124471
4.911265861353154
.1532613116035537
.4420139223661047
.3792261154801864
.1188884285461537
26.190473875085086
5702527968154413e-21
3.1892274502749056
1.127168865801664
11.179658165361642
.157255483118516
.16504838845388065
.06298462140533596
.22953443315551725
.14429938882986465
.02315871810885407
.06024438802483419
.0903522359279688
.11018770481987443
.1771837263903313
.5628711058371842
.10447359186837504
.8981531939429286
.03143907830990743
.38795263059294244
4.022853833357824
.11708217727775358
2.8293430063073273
.2073186363452676
.514286593961474
.1648056894145126
1.0966558985243982
.06431997052398124
1.717021877280513
29559379664590535e-22
.002498825760518712
.32318965944927874
.3408122459548675
.04165969023586864
.2200945674236711
.5369550815936592
.28958023755661694
1.296661214714562
.24432113358597146
.047584123063999416
.41518363991251866
.244140053240188
2.4418730174362415
.19426252338662825
.06071231890167218
.35448758203223996
.28204297279378177
.6974392285657058
3.3044811149073854
12527332952901497e-22
.984093746631329
.4390038879298744
.8021581855882696
.026757822916585763
.056862893097211875
4.204778359535103
.07171053202266404
5.675076236779177
1.3999141526846408
.9902402123218879
.16080104333371414
1.1712835400778283
.2770158841039305
.03317327891629701
5.180203378977746
.07617673470904207
1.5345186435698523
13663222002949526e-22
.5575003656038336
.7030676804569467
2.80615195986457
.3701873670159265
1917814657125233e-21
.7653257185391347
.36164173107364544
2.794859883828859
6.985334090530381
4.487062971906323
.7815443243203875
.39145284375396283
1.079844422726698
3.7000725562468233
2549717776404785e-21
.5874841047250797
.47375129384712
1.0034996058970356
.29529995967470307
.516813750134696
5.2717775140963195
.602978886617517
.15928865987398516
3.967208595693561
3.6726465483787116
.02588892928608135
.17445511681727924
.12338906652385623
1.1871372067216468
.6861649606762483
4.841280219003866
1.4256884346241663
.8240271323501204
.2991919283767287
.1743716843281931
.5697187917032629
.5810914190222283
1.2587932199134888
1.5199016138182753
.17535502401218223
.6113808706950178
.13041849538344602
1.6051952389127653
.5389871554600358
2.3579410539619055
.08151159841651931
.11298929672392201
.013264220373785102
.21095778998360853
1.6799957891894801
.7989147851358432
.16310694662611505
5.569467717522058
3.9494241701560675
2.086917822568005
.9843171579102715
.6325151432469011
1.1426376113974583
1.2530204253000943
.3709388401157279
.3773599721730066
2.0352995846945308
4.3772908638148795
.7051975399478245
.04304075426567782
.04428950053531991
.8473891636982295
1.0633089882059272
.7745411128703841
4.2834666883634265
23.245787165517385
.12910104335021452
.6257391675990376
.13170163133246862
.9059148304681678
.9568259598988624
2.977994492988224
.2603140104040893
2.4107403739516817
.043467711898399444
1.9117769094182322
.0371818359166103
1.3799972134650098
2.127771397836237
1.954986634399591
.17784474402146766
1.911313136668078
.08404435721279489
1.4208936602248645
.4704176161045551
1.1221137246652395
1.1926665721129925
.8086110694205771
.1979370824882961
.6803254779454595
.061448819786851405
.6843702788371728
.17432826486460173
2.125926894483066
.1226671346864589
.6055439117603453
1.6629659881643497
1.2295752329529217
.0289526812497697
.016075507811922077
1.2928586308520806
.12877667341024715
4.164904436212402
.5622409869452515
.10054147693210391
.0500097238177735
.2426296901897716
.5470355283198799
.11929530400825937
.012950442982100246
.3896580689388405
.035931861555006245
.0148347216635096
3.913760999878222
.19731507483526034
.047235755471479304
.33624369627251277
1.2454021648176856
.7646803545786932
.3610918439504084
.031703495240840616
5.822783611900139
.7825807244637394
244.4199124983644
.5323708107677362
1.1002281998088097
1.0586141174615644
1.3348484419843978
.01802429164214121
94.51377749859782
.43747915074107474
.5097299965528537
1.1064896086251443
1.6173180902816156
.08769786788484535
.8119778877384982
.429758978861671
1.298594201069709
.036442338027532606
.21963452815341103
.5387707791103999
.828017722596127
6.949069220312286
.4210163645167895
.04709483113444704
1.3167291046494556
.17003587482606045
.07233478114341385
.3379949646546979
3.314089956702651
.030427033405320394
17.54909268474944
.335726653348089
.22146952045753782
10.341466690592474
.746886348308009
.03531035345813687
.9727952917712476
.035102282602320824
.025329389762036452
.89021503356803
3.9719117156717343
.17814642663338034
.4770688239126313
1.2264075561968006
.3564699249911099
.5957286827914179
1.749565299159055
.2526521041821438
8.294602004439874
.3173120137601565
.8700303622978414
14190999160916515e-22
.660045299536832
.14324430444161668
1.8501963687762202
.8220963339347459
.41896524810695274
.5910157564887066
.20515817981576479
.1611558036309866
1.699598828863305
.4716917160099673
.3948630837651666
.004322063373029034
.7119003941448486
.22466336552542876
.01790521370006451
.07871866721295182
3.2994507906327395
.7909290290474804
.2488902746993789
4.846232734848456
20962651783409353e-22
.4398897655163665
.12791217543772995
.45542617702058835
.5162134572842999
.2550154975048434
.7948665361661862
.6053607337008112
1.5947616656895216
.21742493038945634
1.0384147331591447
.0017374446889391027
.47324806666022357
.27749497529512057
.9917157782084547
.1303002959491282
9.83367783714421
.3409666142489666
.9749775510919865
.18335836149339882
.6583752523530602
.11303307315198888
2.0718731089928286
.6631220738472186
.4334716006779826
.9205410025655407
.642906884103878
.2688531394364995
.9377481674553334
.9223893393039037
.7691557013426465
.2771235458774549
1.6802104465164134
.254745720162366
.10883523495965558
2.057367840929826
.9456755296231807
.8192885889557064
.07441407646837321
.9574723269599831
6.059570779494221
2.9668262323431343
.7488446802600724
.21170905672264442
6.604134018170584
.557123586007706
.020101863447163283
.234696899540722
.664301999197728
1.2285653586316283
.21610765988115738
12155661233998922e-22
.36409083070078935
.0014085331913989926
.16189872467657432
.05954466971540533
.015339283891703595
.11801809516456918
.993624185552345
5.831541203674081
.5763493301883076
.09521813789795422
1.6949244058263728
.07610301424082125
.6348808925371158
.6577766607140236
.03551233366282269
