 0.00000000e+00 1.00000000e+00 3.00000000e-02 0.00000000e+00 3.20000000e+01
 2.40000000e+01 8.70000000e-01 2.90000000e-01 1.00000000e+00 3.20000000e+01
 4.80000000e+01 1.90000000e+00 1.34000000e+00 1.00000000e+00 3.20000000e+01
 7.20000000e+01 1.42000000e+00 9.30000000e-01 1.00000000e+00 3.20000000e+01
 2.40000000e+01 8.00000000e-01 2.20000000e-01 2.00000000e+00 3.20000000e+01
 4.80000000e+01 4.44000000e+00 2.35000000e+00 2.00000000e+00 3.20000000e+01
 7.20000000e+01 2.77000000e+00 1.56000000e+00 2.00000000e+00 3.20000000e+01
 2.40000000e+01 9.50000000e-01 6.20000000e-01 3.00000000e+00 3.20000000e+01
 4.80000000e+01 4.60000000e+00 3.09000000e+00 3.00000000e+00 3.20000000e+01
 7.20000000e+01 3.00000000e+00 1.91000000e+00 3.00000000e+00 3.20000000e+01
