 0.00000000e+00 1.00000000e+00 3.00000000e-02 0.00000000e+00 3.00000000e+01
 2.40000000e+01 7.81000000e+00 3.07000000e+00 1.00000000e+00 3.00000000e+01
 4.80000000e+01 5.02000000e+00 4.69000000e+00 1.00000000e+00 3.00000000e+01
 7.20000000e+01 1.05500000e+01 4.05000000e+00 1.00000000e+00 3.00000000e+01
 2.40000000e+01 6.51000000e+00 3.40000000e+00 2.00000000e+00 3.00000000e+01
 4.80000000e+01 5.72000000e+00 2.92000000e+00 2.00000000e+00 3.00000000e+01
 7.20000000e+01 8.11000000e+00 3.68000000e+00 2.00000000e+00 3.00000000e+01
 2.40000000e+01 9.11000000e+00 5.36000000e+00 3.00000000e+00 3.00000000e+01
 4.80000000e+01 8.29000000e+00 5.23000000e+00 3.00000000e+00 3.00000000e+01
 7.20000000e+01 1.32900000e+01 4.86000000e+00 3.00000000e+00 3.00000000e+01
