3.9552285770602325
.20036569996408332
.25905090066887065
.9708791796290595
.45950895296936267
.005718344515673511
.03779408125912755
.49129641221019876
.17443923852693766
.27189797305624774
.07371540165401076
.03794752379446876
.2636940751709638
.15041437667116703
.1960599794866301
.07903033394886591
1.4064543793765514
1.4434377511708298
.36323764966160643
.18769962636099283
.011889163726736296
.3202724497160589
.36902580934082774
.7192535740049507
2.0461242392666894
.4216438001922055
.10975372579947874
.2019800415013346
.3532258738131194
.19891709627059706
.09872419363822443
1.7468003755463535
.07694352109408277
1.6603132190021879
.045373474958874976
2.130274808040629
.03053924041150686
.04489783666172929
.057451557168881034
.0076552122981584265
.07831527347123217
.009095435541653938
.022320593642530678
.011010721865453557
14984262306713583e-22
.01793443286412903
.030100425967467453
.10436656579219099
.007152931346115301
.026585183353845222
.1241856321367651
.07116437520254192
.009663077218135085
.0634875985374521
.005784794962142092
11344825958899474e-22
.06829447839340759
.07405439994522096
.0023529060464906257
.057732474326143174
.06875223958910813
.026707802429556345
.0056356116794580215
.05838786261368445
.08725666471394616
.17511532415496867
.03302963261652367
.014598338718310505
.3073513467508693
.07142878062387797
.011445342779110685
.032833114011692484
14491950527356136e-21
8402737284685227e-21
16532485922326455e-21
10882830559841005e-22
8470871881323932e-21
26983593333540755e-22
5837458379679669e-21
4285691705014134e-21
10016094958414437e-22
9639246098112545e-21
31164255322493002e-22
11536868462586595e-21
6712326369824782e-21
13757834905907875e-22
537643431206039e-20
3155839177115503e-21
1268554066872548e-20
1405152837964335e-20
.5582548676534504
1.119644058805675
6.81471623300305
4.124072163100914
.12535453816383668
.07902471808044068
.8286005331438588
.625999386727457
.3284227345594268
1.6057677175327114
1.354356429328364
1.5563758240737677
5.413307854659553
2.3764514487449153
1.2279929556844131
.6039745148195371
5.3796534302673376
2.0599318288863615
1.5919407896420015
5.221468647307043
1.1152402768905116
.8832273276051305
.9380205448047414
.26075705310270264
.2747449242168835
3.339055472600775
2.2804440617323922
2.30736449759742
3.0299692245128926
.17082538655207727
2.6529613773288996
1.105194269986676
1.2503441696898288
4.0171200546551225
.8697694562471041
2.1119362823563765
.3016473803378798
4.274372694065942
1.2335504090449934
1.7877281150151152
3.249987335368542
.8443400285753837
2.6765430399590473
.9538410329098552
.03777429998646266
2.7297738874903827
.5725584722250409
.4198815404051578
1.068850635332976
.31569605717420085
.8184670224775645
5.509820553519393
.7404120674792734
2.932531110228989
.5807773895477669
.15793916180706832
.6711625019852169
.19939407252932928
1.3345341378488957
4.020842438729245
.3876229091210456
3.066228022721775
.600342196638109
2.9474179766617374
.23845995929928582
1.614901146991068
.24133279232052693
.31736956220380563
.2057412431363252
2.476360070380542
1.3469289407018852
.9938357404002451
.5930027652081599
.7682353036302318
.13258463274220403
1.229606085720838
.17006422528592618
1.5796166435388
2.285340669822262
5.39999247285723
.6749309478706902
.2500013668991604
3.3824459310594586
.9232988947526652
.7054981342511126
.6024161457414531
1.4972218671695987
.75712308196344
1.4136180794942501
1.4707306902429
.26274050938461463
1.4699464942218032
2.019945959272049
1.28152628317035
.16978896790057776
.18455897372324775
.7193203012663802
2.1992122563048104
.1536420714878652
1.1410429008540663
1.9267916141187893
1.3007850817406026
.7391426888558645
1.4074614009582314
.6632223946973529
2.1859955287585406
.39359066905318346
2.9927762317550997
.6935785534814691
1.9400071077314043
.5507987433417486
2.5645074683872515
1.5076025403806195
1.580301205274382
.5779540264845452
.787254351431117
3.931840842027101
3.394178074068962
1.1707171323394705
1.253533353822252
1.0459070848215541
1.0653979979079946
2.9994128957356967
.8245189091771347
.16199130628905614
.8119572487864394
2.4397531603737965
.6737618588558795
1.1241205500843738
4.921903766998293
.5644953108083546
1.1367412055778567
1.2934002130017521
1.3159896147675907
.3003736246573589
1.2529656943689687
.06274124469844325
.5016338035468658
.3483883099863191
3.5041940035622496
.4027680452216571
6.300570785570787
.08921508714693055
.44452173287129526
.285664952050035
2.8907807740121947
.21342400282687882
.5587914909031402
.9206918599839848
1.371631457805596
.7893592772736524
4.598415971443229
1.4382851134071903
4.029825110141331
.28726357210433406
1.430955390172276
.2161808922298149
1.8518676888274594
.567430566084097
.1549615385310933
.2045323700756062
2.2880915912402573
1.2388262474273506
.36153507920307015
1.9604982522880376
1.143014556750594
1.6351431199533069
1.0944465333318232
4.546872712973409
.5863337094371245
.716640121006667
4.766176518909216
.9327021096844961
.5019435730897349
.08837902845569269
1.8578918521226053
1.0166403042368986
.45248077638755024
.8616451052331335
1.4234487618025387
.258521451000478
.4059935562461864
1.3548626910273118
.11159040465686834
.17260448516176896
1.537191555078741
.6340569459207247
.008059283222324708
.6727773791626532
.8425491837182755
1.6427465779373485
3.015564810577363
.21068663273262314
.6632013758675451
.5663154901996971
2.013293368981079
1.4951653611566251
.11899709163326025
.16870669629458643
.5485587881258136
1.810595369178226
3.5047901068290512
5.074561471609356
.11435647459113506
.9100040675492372
1.8765322062999539
1.0281714303279803
1.059459739008494
.8040369790937998
.7803086349018122
10081188180657312e-22
.3793922339368539
.22468381797547204
2.409989301451086
2.240717649599835
.44117100482183735
.22159876480202836
.50389276687801
.10898797385193199
3.695574823025615
.5244410077991113
.4513908727620871
.4022754881875708
1.2275134598253878
.6406060774276598
.6010691983264949
.3534662284812697
.6077216401553169
.995793747550459
.5540079968265891
.5805273066166448
.7841645785029872
.09473201335636085
.9453263391581498
.416656507047718
.8205005722470397
.17441961788145038
.44214160377206685
.2686982983720691
.37368776150384564
.8690546547493679
.34382769787816814
.7002785683476235
.7581137528735885
.32136625238379524
.9747903251642263
.3706509858943138
1.2696468787527402
.7532012482286845
4.692761406944691
1.1696484875637683
2.7106478169575654
.11237710742012683
1.0610160370443578
1.0495965610376288
1.5058834124107185
.21130139119639096
.7387020520118013
.8472065446367468
2.7159655797142395
.13979365718975012
.6462086377382283
.2475897297357305
1.1712746604739543
1.2671879245658109
3.0596705111416664
.2403825466244081
5.003222488472515
1.4748159281216646
3.723309594006735
.5222490720444546
.0872784865039224
.19945816689764845
10.466990554459976
.3977872437233598
.4770228438863343
1.5417308799209462
1.094478666298272
1.6011683245155668
1.837081135170928
.27728361689112685
.14673708397415333
1.7365766591943117
.10675002619300689
.22607927930176186
2.533962663837758
2.131318213303936
6.333726714854103
1.6332285278885967
1.4947627103568024
1.475310238319855
2.7832361110209125
.2974119620961947
1.2495132866410112
7.808803788301675
2.456608562419976
.5175147649479434
.6038175944629691
.19980256231607352
.5519102741862542
.5655191191087074
.9834757409128022
.43196386202595816
1.5380326477822972
.5821872278355611
.5720770571392116
1.9021523876508233
.7272945109999344
.3395490218920678
.02848353894812858
.6565103056965862
.36311366681114454
.5228834163110163
3.7580441644283837
.9831606988350532
1.4592710359279049
.5582919350425783
.08622144824063238
.6516439370979584
6.065704945153071
.2231540680861562
1.269304514230774
.6954400511518107
1.4848313843957328
1.7245648329634422
2.7727554533487475
.19507458283143303
1.2149176192958824
.33221755947599085
1.0052592024565243
.9895616556961316
1.7241067590897314
.856845894562285
2.1707755158785673
1.5995317813698238
1.8901080008012099
.3410527821591369
.5173246838977903
1.4401875649281248
.7525960680613758
.9437819702918926
9.98579553581719
.6359581485673386
.6153209400873363
.3521805162641603
.9907599488000296
.07112045209265899
.32461675647713845
.005948324648335262
.7263372482696188
.2175145958902137
.4969635371024582
1.5199812856468446
1.5545821090892966
.7398776156691396
11598585131777173e-22
.2909622151261338
4.568263533919683
.2127258484192251
1.1931776700734924
2.114709579267761
3.8915023888467646
3.388733592884697
.19911959977901653
.9839926616550142
.12700803048368245
2.166462534337604
5.231180990913646
.5542654372943335
.5693004011395003
2.9005763032303173
1.1502810605151865
.7285892988664039
1.7866114267635662
1.2009409032128127
.8849075450558397
.21674545995645095
8.779481001706449
.36284902696168925
1.374745363746232
.8333723681636104
2.581177613907078
.13725689102912902
.6970491263418819
.5761317130333001
.9472845446636677
.17824190367407372
4.920229987567522
4.87403109621174
.1834423757445267
.24136105094910937
.1588956163614415
.4130967864198951
.446190674140733
.22149140383600985
10.18509689896376
.3237624560880358
3.3311671952254005
.07691509045458947
1.6091207974335675
.5451985597597154
.6528569911762746
.020880203875384657
.34702996558299254
2.4007918514275164
2.4619061487295855
.5395121014460109
10.304450892303006
.20123586758256518
.7608640503830875
.4911520404623609
3.0255691343992845
.2033381869465657
2.276888386158903
.38084163769541945
.39088033978207193
2.8405482398705306
.6844934038336666
1.783015423642969
1.1580855581188385
.25754661188167643
1.3829371014716996
.07652388439618132
1.2276955302051293
1.8045046367832647
7.663260925994716
.9872575275748976
1.4018741873400602
.6919838206064576
1.973684818018442
1.6512108118503
.7536682394266876
1667713099945038e-21
32292596071561093e-22
.15242907930378014
.752743859142603
.44760924074943675
.6776624906690342
.08762746004393283
2.0529508168792514
1.576563788131308
3.377383909151344
4.294059565223526
.5123029076913154
.15560527319081247
1.7184188617580596
.2835217301512904
.739536157546408
13244174811422882e-22
1.0436384411329953
.6300890097572699
1.383134227122342
.25112834242696774
.18285299914759864
.6572556909055676
.38454970388711596
.2880140926661383
1.0980813602768011
.32675870663048684
.12920628070975448
.7986933544231002
1.1844612546757947
1.1346933590559813
1.8047342223103198
.5109915312239476
.4320878796764168
.1436182197778102
.33760676095679587
.7863275151026593
.390448812017801
.5581576974491702
.6134891987396077
.42771379582097624
1.4528868599121176
.08376451789026378
1.9377910911737735
.6963934509041769
.6971804934299103
.9387741483777703
6.3321115907975285
.3344517399961162
.3053043232758872
3.378714079306135
.32959192836711304
.16134208775076003
1.3680627991798557
.8563489454874551
.836183522517522
1.6349996462952177
.17527997663722356
.29801376222475423
.9536112045277223
1.65866316376695
.2880891554486538
.359683831680013
.31706959651126415
6.842696170560836
6.240899182472953
.2632718806359997
.06032728832576241
1.2030971811531619
1.2312920882424274
.514894359436649
2.55667336421612
.1771387508121772
.3898610152394079
.45205955417073435
.5537115180895337
1.1037150673883391
1.4893078835850961
2.7448733638748113
8.492249916841747
1.5923531299164857
.7645378669188629
.16429177576866327
9.601337717685043
.6149618472320999
1.8855344104111333
3.077228531443589
.06319097072713292
.13825868920523166
1.047398537552779
.45495191301196236
4.571317627500065
.7320028720639984
1.65545002637132
1.430926420803621
1.3313238886299745
.016259657306894184
1.8096590773638785
.5297907193992292
5.794506286616546
2.282394816769752
2.137315730016525
1.2844045337180467
10.348699900920034
.14910066103660868
2.0888663658000906
.3144632624993995
3.022596921445886
.6952805104811601
.24247231905941732
.7579998363733782
6.060114038346146
.6955193790968104
.607718072412143
.11483465821059993
1.5298635412597674
.040572380294560464
.2164685102916659
.09140535934398308
1.0427044198993662
6.554996419789903
.25593678509296147
.6278037115271243
.9105021343094909
.786495146710847
4.0437630870076
.9847121564719181
1.2743211430052517
.20381946945542628
.5198010180130915
1.0194187746808723
1.057347117763544
.013372973388549215
2.6713985635954134
4.0370772949242495
2.2853265657293025
.631030862722172
.4262641546200159
.9606761863027966
3.6348577706038294
.4119244372935517
.3435642777556109
.3424155835664285
.054408373301815235
1.0183865293995282
.6883637903498414
.4399942674539448
.26375155310900406
3.753915722640647
.18296973572851538
.21877554937484875
.038857726338726147
1.2593132445323432
1.162883740071986
1.4390162939067064
.6605180477216803
.748860225811773
1.9854886612147191
4.966980700013808
5.768791153637651
.5175993610161483
1.0037207922617077
.486185455760619
11.934723996774252
.04196037208215279
.553059367737149
1.9448531047804776
1.2688972110892325
.9470064145965236
8.0405655191906
.21992746089248913
4.028335272646149
.38474105825986205
1.1226235905804982
2.063250092805521
4.14076886245786
.30389498307038937
.7453509538771016
4.156972173092816
.33125175337688517
.3875850216845821
.8175659179376958
1.7618458078508226
.9504193857113272
.3731088773395951
2.4377613810168084
.09989400383648595
1.1487206435807127
1.462810133148989
5.466659534696168
1.936377922770197
.33397406661284795
.8126953476929774
.5962806725933766
.5689325542790963
.5870957579793842
.4053939838893039
.9795390076511543
1.1895470531022376
.9911509349447184
2.555639892851542
.6919576811923035
.25136628247725096
3.496030228941925
.1413952035465931
.9103291751267837
.6452208757475137
1.0026035676325655
.15247109622556032
.8108066158554514
.8153661085467823
6.039917173733331
.8978968342515441
3.8001636603251123
.7348351999695066
1.8929778126013128
2.4735152768222743
.34620958949851255
1.2636439456405673
.8726812569419395
