.14338363839717136
3.096356153062189
.05318821756802586
.18329435147393208
.14481720425730593
32839704059370013e-22
.1301569610596433
1.0223952920180195
1.9407005408565179
3.8777372582452028
.044768744498179594
.2058339416102207
.03068645493892249
.12066531527717328
.022927602291400305
.37081473356796635
.04949955562430396
1.157551942140463
.2514373195667877
.06926806937233651
.11732204578600998
.6190296559533273
.04871209353153632
.1503933002162466
.027074641405079616
.691302163293544
.032509378924649085
8239948883900536e-20
.0034687995646919788
.06359807497709222
.041527114121704095
.009001745057501615
.40957449194432544
.47932444560611925
.07120902067887232
3.2387233012174903
13036709049113927e-22
.11998755918164646
.09920637498701304
.966392349172835
.0033375555420602325
.008697737370012537
.017396925790154484
.010154181263725932
1057126751704277e-21
.11695701514275593
.012841136107416974
.09153616558003322
.033808744564878576
.016537518056954068
.31912129037274406
.003826401292295367
.00022886573806036188
.01726970529915199
.07507376004343608
13742858905265794e-22
.009918630955748565
.07572571293446032
.0019614681049580592
.029052122514425655
.004965065767777904
.026312233731280214
.0007519183523096017
.07618967102292909
.012993610092807119
.002613907981316858
13447994057721521e-22
.08513803723036609
.38276546674323336
.011997376467205985
.011519782851925071
.004144163869778617
13179320376705428e-22
20949916307462644e-21
13293321486332432e-22
9425926837572065e-21
8031343501722509e-21
2034668703392253e-21
5566899769375253e-21
11054197056592632e-22
4424646388330026e-21
18136747637196866e-22
15031488497600263e-22
1919414441184452e-21
21329703408310225e-22
11045524175983914e-22
1532843691042985e-20
11449612990416244e-22
1e-6
3594764398013262e-21
1.7345822588704762
1.4983864249753385
.04400049440632396
1.1517432838100035
.0024744172847271976
1.2616727142682356
.33415893197534696
1.394497480509175
.807815716734172
.01291093450695388
.16162583635824868
1487621121377942e-21
.009270848422569965
.03606129242694229
.3287293564018473
.9652231384363592
.12997766424666168
2.7590177754737795
2.451026168976128
1.3778152408858089
.09980243476861622
.4203110234037693
.040265424265967166
9.150180388339564
.29032702578838065
5.3840497263372
.31964611378387536
14087099174504788e-22
14887833663584492e-22
20506250402006266e-22
.25768321927488497
5.2129948141189475
.08835655740441688
3.5375333015418855
.08233161439362728
2.205449155208645
1.4921433474358683
8.582515662715476
.26909385719200846
.4080103775787406
3.9280991406856844
.3093231736249923
.20718689466234155
2.280648790220818
.33949482829056
.3520353964692472
.15698025995898218
.48151254824563106
1.2115689479811602
3.5143167357484644
1.3644981853290918
2.0310657988393372
.09039292108531485
.37936683702698387
.20133278375139632
1.2473151955686612
.5995311386614031
.4125617752333664
.7411145747028073
3.6880150083506065
.11140003128663362
4.586617198110337
1.5677266375549386
.05717326810820711
.30373065203403304
.7062968916448998
.23864508057960127
.033610256489670386
35762886921696556e-22
78.91927255418535
1.1665723102144596
.46417229711751423
.1947544877506804
1107749068501672e-21
.18891098301507767
5.886245373745661
.07664876415333653
.016042235758358322
1.02300136008949
7.982224016066734
.04880900900131811
.23799847787388817
.09250638064067397
.5679055393981349
2.4405209388767073
.6347687662476165
.3573653044802246
2974105887584264e-21
.041092289959915373
.2569554065070224
.3267621755702351
8.803150480545376
.38541859225785396
.7793474736976878
1.205335003968334
1.8848937176079574
.12591226795257146
1.5734937037961982
.0508912071456033
1.2372374228207486
.01849907769813933
5.014536556621702
.6358669731660852
.08821638399441001
2.829041875848471
1e-6
21.896218900526634
1.0734010484604666
3.5727655960101163
.09809940592872654
.18867583376837613
.06940292365241378
.37919801687456184
.7414447210910964
.049317991419638094
1.1109468359572439
.6498840047103349
.7128618576317517
.09443666620438672
.48502430830702215
.5309993960047772
2.1934265281328993
.14570338158675455
2.5853379608846967
1.3397467475532043
.06811115618435977
.06586652911906077
.15277642513846695
.09606907496536314
6.807652668018943
1.346112367608714
2.9247293233401406
.35353012350168944
.057273383466111834
4.412559207344785
22.607990468367312
.9579271189008457
1.133221606128812
.0063944021085742715
.2565899993861084
.2173799111725839
.44587423493437855
.7493512593070278
4.87982733816824
.0823277063235803
2.356501197126252
.0716516230701834
1.7057755176625775
.009128207736573893
.29001511166403304
.19756033548837665
4.001790779222431
.5615873227814576
.06916383083682641
1.4079905222181321
.8889730749898773
.3591417312360883
.039396884351240745
.09180170549379765
3216868058832543e-21
.6770774444273269
.3039213605953866
.805578802243831
.016301713580469307
.7380333859274781
3.3805922402240425
1.042540135325677
.4743445573107372
1.672781734498607
.1897988093359688
.13975797818478675
.9742210098003935
.23334556504454873
.9801140536391415
1.596296264107927
.2854743890461234
.19403592961551244
.3079436617773609
.20182072695512837
3.2223976460370722
3.040098660059518
.2676594520540425
.1522523274727577
.8950386376417843
.012334868485184919
1.1815386092888656
1.689658963794222
11993526660554552e-22
.09218765930441547
1.2361489871149183
6.74531038040456
.021371248145308785
.6946338494131482
.2581399256699308
.6844484770726715
1.8107006168988329
1.973622141297915
3.2573884848744687
1.769590783798722
1.829388383778769
20025849682253567e-22
.2687506101740155
.08633777664798284
1.7194988141499257
.012462106809580946
11.981153222395164
.09098350202380781
1.4161455760119033
.3943344640751605
.2015774257071138
.22573184819185543
.5249994459734093
.3935745066919211
1.8612428190195474
.5870974107200388
1.8457591109627836
.02134130799353676
3.8575837333659075
.41994137716088037
.44632033358085377
.05224273010395645
.4116587749426586
.11070179453823961
.6505946043829667
.006938999421570667
.861958722764125
1.6916167044930404
.2508021622687027
.7227701746056983
.0041035356095808296
.01730740242588879
3.7180651008159247
.3592146727634319
.17872707128303106
7.800574374324723
23580722367437657e-22
.045999616807113945
3.9379652609959517
.4144473443088146
.036236330451710035
4.19123148522075
.26456427973028873
.8521865715292182
5.3010655819748145
.045598557752974035
.3620610953167469
.031926230342070996
1e-6
.8840446876183444
4.628275068835675
8.016594316840738
.26073236974866176
2.75773808731004
1.10818851157554
5.555987338530371
.9112458584466656
.46217313377018354
1.3656680181194314
.4021367939888664
4.302108491528408
.07439480872040187
.06138464298350681
.007653577298833106
8.053785481116456
1.428281433257487
1.0457468781547132
.04882989400063742
18237700065078283e-22
.3322698666036147
.14013274172254997
.48157134694297415
.03506092245870507
.017998643747196275
3.395169950775162
.20727623529411016
10978815641550186e-21
15905964705521494e-22
12380184072887976e-21
1e-6
.23928203621053412
.486187696214151
.020015725346025505
1.1328365482948584
.03655690164890242
.44878099096151025
1.6013230454191643
1.3253298922707495
1.1283825834603092
.3514983819094432
1.0132965921406427
.024244929956960457
53.97395736957289
23.368178699855346
.10920900273885584
.046829240614804334
.5078123124188659
2.884697628186573
14539843519996262e-22
1.0693877572904267
.3774072027802466
1.83171512935599
5.043219454514299
.0006737315845615148
.24989077568244136
.015855436597815423
.35571959206200865
2.9097817644999076
.3734630393320966
1.6855788838612593
.016775899463920035
2.226875092635422
3.1176748175767095
.7427497135408396
34.585275970214724
5.980881942068141
.4745703046206984
.5118571899339467
.4183884978573981
.8757935554867915
3.7708735669828766
12431890276729454e-22
19696991758548625e-22
.16713534888057666
.2644249724015519
1.0101815617431595
.683093578124522
.14279415745650254
.779747274246933
.018426062638497755
.12670879826085862
.025000870967990474
.9934407756416209
.9793148233500242
40.598744072394766
.46596907802248955
15.173314831389337
.004193720994820915
.2536922994529013
.7307293196705258
17.217633823390383
.23290584661134203
.5434414193176372
.14253917518182066
.5374369924804867
1.5560575491976145
3.4204208708923876
15748860476161807e-22
.4210577835025919
.04566414612654974
1140484002911076e-21
.0003015219792576505
10.940800667817065
1.3853183428167404
.7216235299175906
.11155184478680114
.8175424197591895
.1005956988413721
.3714657974026371
.01873683149546347
16463933506375558e-22
4.0401400873764715
.6620102732267892
.10112479113644224
4.713087001303222
.4106007445164866
.6283983523513013
.12900744076240378
.5852186232111823
.07082655244443084
1.6861555036584184
105930576887852e-20
1.0409076325906421
.3545150197856158
.06235549144065551
.4694014124910909
52.24462746768689
4.098403876870219
1.2232591440273057
.15282327539317872
.6324088951426379
.23174130565149384
10.914029567971951
6.940243842835251
1.114877299347396
.012069928728283504
.5197489937965077
.19874771558772644
3.0588205049065773
.07800398102819703
.23956920740112156
.3921109358326696
8879211784914646e-21
.34957946177401494
.06736540454451255
.6673907464763505
.672266268424107
.3648924987568353
4.092183437157552
1.7167293675692394
.22808737882581526
8.425385167862048
9327393586713918e-21
.015275261038622066
.2653416760446292
.8237822020302826
.12930395584563742
.4101359788225646
67.99402044532775
.3840486034444191
.02277091845626185
1.2990400007246636
2.0878821672051067
.054911599688311656
1.9239852359015237
.05763275481284634
5.75198973579433
.8736439054730347
.07716137783307458
1.0430258712048797
.11441419302091935
5.054360852738057
.38737566837084225
.9905625791708043
.1314390759904471
.972461061981302
1.666832421244709
.7117773315052646
.4514620292647904
5.993966972214421
.8189347020326133
.017643735015846443
1.7155936855606284
5.57628818335324
3.1947203885348294
.021173679766363716
.9895778407446659
.19811755557727045
.05170536390692993
.19405885851424076
.6447515125640827
.04618236637479136
.234942379191599
.27862208369405556
.30545010486116947
.7918526818857277
.23772946207922607
.30060872461021476
.47824827613124543
.21948688627358312
1.9611651468936184
.23013252469881706
.43875960032629174
.5298633144263177
1.353016412628208
.08267673035070854
.04621822316796308
.5271752460435498
.08130956474244425
.014660919695176529
.3413236050208628
3.7477333840350227
.2836897722208999
17476271679486074e-22
28.83272916745872
.2843215298752991
.2792354793844487
.11834097277502142
.08337481625010405
.024187306695527967
10439163384781953e-22
1.2781063901153746
.2649586445290061
.00777708727688632
.0022874427379192064
.13153004690733608
.9653334017620133
.2341991165551456
3.9254404317434703
.0006758225004324897
.12256637990218307
1.1781902990030442
.8585078251423383
.7649166284969389
17775411825635575e-22
.5197560823422556
.05604197568340295
.02173924515561268
.04553714810237337
.42214665436569904
9.53509935857302
.015812498694903306
2.05503335488097
.4672733472766037
.37846736654598334
.18274906890936907
.8191248202827052
9.7283188168053
.24323610150170258
.48057892671354896
1.8261456364487532
4.099279276420332
12469891133634183e-22
.06017152731612496
.14750869038152062
.12257192606716454
1.6183522767954805
.3156875542564761
12088307037577858e-22
2.763575847408835
.16935838080335058
.08617753888633005
.19307879010842485
.3264978667727854
1.3538332735881868
.9130912136930293
.4139310476534084
.03232876200264276
2.199054370078674
.12053980257342192
1.2921007722039868
.22873238666721135
5.279868062784039
.7043234488195422
2.2983813558494512
.7894471928366854
2.589858702763784
.18087320200760493
24247317680318534e-22
.6228583949677985
.6722251277471968
2.1563942372952534
2.5773367005358776
3.586652711220208
.41119092787905986
5.182041436469893
5.7320961613242405
.2735183348854013
.6243365328829866
.0016214807063729087
.4309127253731845
.12747458797574224
10.4447682726575
.006139243201566275
.34331509105103514
4.009044779572134
1.004740304074427
.2914461773078885
.0007643782137658653
.41640536895586944
1.4646798514506651
.09208050393526387
.6397406585869179
.21523060817069484
.19981989757807486
.018493793316646204
1.5037721713747734
.07284339984565687
.09086993234358147
.5054450829519166
.022691126928759058
.3052447724613582
.06727483204484473
.22398217397803072
2.3462162087704983
1e-6
1.9600353930295311
1.694963708157784
.931071614526024
.6927752850552922
.1982576061815754
.738029304623636
1132294601018601e-21
.7107593937999528
.0047560172249480155
5.883458575963486
.05443029570071001
.14179473203612977
.5472501997593096
1.5416044029250888
10578608854273634e-22
.19113578087468314
3.510819155122798
.08585696221916649
.15725255137097482
.14194192801064284
11318836574245499e-22
.0795350513188755
.17514620106447248
.08073185153810529
.10377832397602886
1.2909049470678111
.05310952540679638
7.529294035164296
1.8710253078913923
.05374747181677769
1.8462301302680117
.7137257682959294
.055813019643996424
.6593735461594273
.11546370213997091
.13184238669772536
.07645442860725232
.0067291296891602605
1.9188024632685736
.38128358293127035
1.1115219800634872
.033343096211173234
.48987284949553234
11680464932242813e-22
2.7558010598735807
.34176736532766416
.9802759904488327
1.5977288983649158
2.7908337049762224
.007058022800701523
1.4078767298013781
.0862199099984842
1.3203480916345847
.5087033538352693
.31058269137383243
.08275038913181701
.6443154182539909
.17019865848534912
1.210398673613495
.1833591488688654
.46380537139397215
.7289326881857153
.6307615739822213
.0041541651394179395
.18471912280618547
.04900338132789577
1.1448059403253654
.23300677046041776
.14347402058153091
.14330864557383372
11933126307895348e-22
12714496815257545e-22
1.4231925478467093
12317575773509598e-22
.20530448214886005
.3787232327677779
.37161884718261584
.10408681467982872
.3906596616999467
.272875901005806
.053691092290497774
.10529922777248416
1.8442524293931601
3.406727722642088
.2655926860179609
.10211778529674408
.004628163717371641
