 0.00000000e+00 1.00000000e+00 3.00000000e-02 0.00000000e+00 3.10000000e+01
 2.40000000e+01 1.41000000e+00 5.20000000e-01 1.00000000e+00 3.10000000e+01
 4.80000000e+01 3.63000000e+00 1.76000000e+00 1.00000000e+00 3.10000000e+01
 7.20000000e+01 4.74000000e+00 1.75000000e+00 1.00000000e+00 3.10000000e+01
 2.40000000e+01 1.04000000e+00 9.00000000e-02 2.00000000e+00 3.10000000e+01
 4.80000000e+01 7.18000000e+00 1.16000000e+00 2.00000000e+00 3.10000000e+01
 7.20000000e+01 8.42000000e+00 2.20000000e+00 2.00000000e+00 3.10000000e+01
 2.40000000e+01 1.37000000e+00 6.60000000e-01 3.00000000e+00 3.10000000e+01
 4.80000000e+01 8.81000000e+00 2.47000000e+00 3.00000000e+00 3.10000000e+01
 7.20000000e+01 1.09800000e+01 2.45000000e+00 3.00000000e+00 3.10000000e+01
