1.307986840842939
.4249955888986496
.17641582304122164
14712355682602005e-22
.21430175065574228
14095524288858273e-22
.0467090364892384
1.4710573648615253
.5862926826674741
.2780347218437828
.4106008205008254
.5187817669195903
2.5440773246860964
1.5578733092206176
.0814783256379731
.22595770197072085
.2102910290462896
.7549752451787499
.7777298817775238
.36941984025497926
1654724594661613e-21
.35138954179325393
1.221009266974041
.41748818984306807
.5350060533563464
.2951819420216761
.016076993439184475
.019067249145333778
13168243664618787e-22
.51869861410522
.027670866374491745
.16618077093776468
4.763643296744547
.2550519609103058
.09762685654114042
.416573020562329
.030015910669897426
.28085619562842856
15392581121692045e-22
.0446497455974326
.004408818794029244
.02091275540618889
.08689565274583469
.018265678476745126
1e-6
.09119457959061408
.0043690343653953415
.03361148675217543
.019342596793946037
.004637162849238807
.0978397659055353
.005372574597581338
.0036267379628266163
.21464788104613575
.012075610970390907
2060186404651886e-21
.04758245421635616
.04888415502875593
.10694886478450355
.013412244064560307
.012226341926992445
.017335358355419356
16633803412859433e-22
.08948331342320799
.0344219707590398
.017369672820693207
.016404936390913692
.005612885348679894
.2626661605656876
.0022286544999597464
.06193250663803155
.002844636276124806
8016497866232762e-21
25600626498377918e-21
31835599861348953e-22
67029426685315945e-22
643533783581885e-19
2105903182462776e-21
14506082628156487e-22
50201149818803675e-22
10337183612473012e-22
4124651317112204e-21
10828878616608758e-21
873363114972528e-20
10601163873998252e-22
1140616298992384e-20
11201820261615096e-21
33150437524547363e-22
22602694460088517e-21
19579693462039707e-21
3.429097217702381
.2457553032218306
.6286033473762863
2.3171622423624325
.6545433373037125
.2589646785729192
2.516163346656547
3.154230131894632
.07094401805055894
.31608423182290935
.504985619372224
2.6490922207903
1.3186743747458098
8.363103275522088
.3912920695947446
.7688638331672392
1.8953100587586946
.5670316971420584
.3555787290220871
1.837362620119371
1.166423675301899
2.0776186203358846
6.670269210313564
.28943806059762467
.32851735543908245
4.917071235728762
.2715275602696145
11.845099214027801
.4117961409503196
11233389501427322e-22
4.618291374165052
1.0540043765173763
1.2372137523378015
1.3068334309935357
1.7029464525407454
.20674223163678282
.9071193760134426
.43540370623228886
3.428849057958056
.37461831807252005
4.542147552030759
2.4371323018370674
4.093719511857391
1.3811976959822505
5.18336823953003
.3262041854006255
.49846802025840997
.4961509254659131
2.1016342484871853
.2897937681315216
2.794259215180234
.26339800573323147
.6808422714129342
18935559240814648e-22
.1725200382248588
1.1302441512238437
.4569947611223969
.15556818463739694
14049757353633014e-22
.5014007076012175
.8047938987039287
.9643272862164496
2.1624443303755694
2.845006325797923
.9288976661444458
4.461422667021016
.30103410871953606
10028161762840313e-22
.23608511501565305
.8020796778086087
3.7715267044724383
.9633165520369111
.5392650536167105
.3355661436174055
.18462528099016806
21.408799254946445
.510174142737114
2.3592475613144837
1.3564542026295545
1.3914162917609871
.07159844077723945
3.9331241045916547
1.5841097410243004
.965706863426448
1.7939696908166127
3.3945793272537528
.028925280249640528
.04236404431109818
.5174984564907208
11.88327022150733
.1777493759838643
.3001558393564611
.1969484224554372
2.414292595157322
.3334034117450838
.47904151333685235
.04791112454140814
2.0514265596949004
1.1520023589122619
2.573328759833505
.3755829825747422
.3828855821984011
.32409973779323714
.5599109237175661
.4733994942508585
2.1313963333900783
.14694651209494844
1.01990196655765
1.3919145290079642
9.80678724711972
.6860088116633645
.8965937670618633
.3396811246951175
2.20748226829972
.2288659368040188
.6581145423371149
.055708678755603064
.41161685754621924
.6049344835911316
.2916043777644297
.2932317309875734
.3521710377802314
.4967178928438375
.4695003468528049
.3369202003277552
.17191019941048508
.13902803522571175
.3226062833991488
.19225869641829804
.44739070134853437
1.7753135204262311
2.6467452023935305
.2699343905116312
.02325099524533482
.45287023566325135
2.266097152699535
1927060126640322e-21
.7270202267912275
1.66236612261246
.3163757487642892
.7752097753332607
3.1037237995312528
.7191148873570006
1.3314755392293085
.5308294543880019
.196315687172275
4.636447811699901
.28335178616924667
.6800269879990293
.4830541138860397
.08179557521078001
1.2592339628167168
.1451576718125527
1.4528080638423595
.8079438028800742
2.0829551910624846
.4878397776847481
.24807801765488238
1.0440298577904952
.2970369691217015
2.4752586992991623
.22767651363277483
1.815667257237531
.28612395942755
1.832176309547014
.24293750125730273
1.6201113838426306
1e-6
.2267543948875034
1.4744616716656154
.39283803613227253
1.5226683043447165
.30867155136062124
.3284464627590189
.29321519623695286
.48967687178101416
.059274016336592045
.196829381738355
.5207721751168115
.517529547558703
.5027501710736757
2.0159512740602503
1.089276093018578
.9521445252651236
.03298989909123692
2.837206690556296
1.841009943244224
29149557098561964e-22
5.0319387930683765
.6925357172677308
.3306312755209797
.06299733043949511
.3489662789544201
1.1377802421923524
.5696424623920914
1.7271855178065434
.5918020173779681
3.3439843162333904
.1816136038517124
3.3219992972600743
.024503499236542593
.21169209260330354
.6033464266165537
.01751785238694224
1.4889600265714478
.9551358154203098
.22516333751029144
8.874849210252151
.11522639024650522
2.434412350691361
.4762935144171167
.5631488948751175
.17209993660093034
1.828829068325542
3.699988334654959
3.7718038179584266
.4068764181846294
6.041483742663969
.3493278373064844
2.047559561905687
.48091933610262283
3.0273125643982715
.38622040493574267
1.3604404850396072
.34440291289738395
1.2043712351737386
.18978599588912598
1.1776713416839388
.1033736232697203
.15223451675526292
2.3439356561955784
1.3204116145004905
.3231315285536089
1.3750111007483254
1.4433855540512353
10071747965971338e-22
.9737522857858201
10230820427782154e-22
2.3001705423502146
.07635505755203748
1.346430068672036
.6560529086173065
1.9073884189685628
.1618287546619741
.5706827050701989
1.6105097474255259
.44367121695616446
.7334728655866665
2.779210406813303
2.138515495127176
.3007984660522499
16819616291488262e-22
1.1763410426308256
3.5294988280660267
.5206432490011007
.14168175599607633
.5920367836029446
5.050793082637848
1.779476438703086
8.208159515582366
2.3181901664311733
1.873227862674034
.15778905216402003
.8636211533201112
1.1966491983593603
2.402374047051861
.28498021626699793
2.083991403570394
1.6165116838613731
2.7497340853808088
.6442813591157496
2.3803303558478968
.35633387934039296
1.674392675000277
.08475114520801212
1873107042783203e-21
.4180269369697054
.9344785725060265
.2054278711205036
11.868079084148555
.1745751372775387
.2952828681178379
3.5954105508766814
2.96329845711321
.11683687427768844
.29541928765815473
1.1682295581359254
6.239770920827664
.8668346868193941
5.994920980240583
.02118241500132216
2.9662775090679268
.8154128493858487
.10741665976705961
.17916365406309906
1.303317477912303
.7888449416480705
19551107647560267e-22
.5826758429170436
1.2087550993835832
3.6146627298221574
.15645605047792155
.023366253804778372
.308939256685065
1.262168878348135
.10987969565052615
.5502316752606407
.7901368407874035
1.7748812624035393
2322044660205077e-21
.7631151819808933
2.619770802121098
.23445218888469221
1.8430401290131524
.4576895555432464
5.597608359271039
.08025753082853897
.8306088503186533
1.2972269118957862
.2934091979360162
.8443823128504326
.7099624503598512
.8506958012196201
1.3464188253330307
.42638216620106306
.8484871557333324
.17554922737938214
1.2603834674231713
.05919441135478208
.034924048684856476
.5661432697135678
2.0994810761204916
1.5878380765445255
6.527715210502908
.20682132192439012
.17959194881225554
.23014090765452536
.1403764625453435
.3398229141453618
2.3785898290310694
.06477701010148625
5.433420967509662
.47920629825207284
4.17389837304672
4.63472025753877
1.3664004324499008
1594855587263897e-21
.937681655236843
.08621045817219672
.0040783959106637235
.46301881540705536
.9566304667761879
.6098070490378827
.6380389334783174
.9208071434122675
.09811379484276889
.4467565664780623
.961491708191528
.6774566963994326
.6590108983783053
1.6343507820320455
.43583658951332777
.389081442528535
1.2528733089193647
.48773772740171983
.9195561375077981
.30788451533798017
1.2003043792346175
.9269324468847074
6.988140739006982
1.256817594060074
.9456081783287809
11408989496960678e-22
1.1184792716011356
.9276859592794189
.7141168918125468
.14296818663690328
1.0667738089958438
.2892950155387903
1.9864049926373983
.6895568941289058
9.999275189690117
.42805100719375744
.5780483302254463
1.382714291983077
1.2276702966594486
.2622327646396113
.7189632168019575
4.513854203364169
2.1551111750857794
.16961452232625226
449121494835352e-20
1.5267060470610738
1.7726389261518012
.21919135024763345
1.8652446786878376
.5915051139053622
3.8298556481295565
.22639292292533536
.37830998902353125
7.120070974500072
.17761050276043122
.31486220418374034
.36857335231685484
.745297823816437
.08908083667419897
.30625731230713205
11731746387038397e-22
.05003307222828806
3.860310539666253
1.4129371627005467
2.036523748192582
.9563525185750144
2.7105847367524483
3.3459022294402216
2.2116870753054716
.07748658901448979
4.961376604470612
.6831791411395138
.5097453286571668
.1558781521998471
4.62208887338115
.2870142155248221
1.3522147876694426
.9303309269534472
2744731795291365e-21
.7540199323390508
2.794401919974053
.5289735709690574
2.64325111974461
.06260649152750097
14.149593651322284
.4763568860981675
.18398297330565982
.2095286070825611
.7238047559153867
.07610986433706454
2.7365132501192093
1.7258337824947652
3.496336108758038
.4043421151089764
.3623828568080737
.5373703189179081
1.1925173300390057
5.683919672008924
.6096489392508523
1.0440011472191282
4.04891204207462
.7842592496292105
2.2959033682172487
.41563799483928254
.14305635863258162
.017465474417589177
.5616084910509507
2.0185285866747846
1.407152434428344
.19621790399854191
1.9384999332357598
.3577305406785558
.3003365334193509
.2812752142623176
1.2615766115628957
.6168279921011918
.15904620252579318
1052771449055584e-21
.2089555823157678
.1329841479418443
.12146449020564595
.49571432203126414
2.182526571111966
.5418849994851972
.2357699046033675
.4704409504540696
1483407259164421e-21
.2997273354421702
1.7057043324093768
.3748045179011906
.8342047159400378
.024340766136114002
.8030471777147958
.6511582215711917
5.167542576334885
.6168376039302914
2.507772309616534
.6279891545451561
2.1403790119149297
.025008960227579934
.45809018347588115
.33928292623484946
.8317503585047994
.2526263775254979
4.806477748499556
.512035201408483
2.014627094198747
1.1993819430505919
1.8564093715913426
.7926399649500155
.7710500565250012
.5388319280990089
.06512232062103754
.38763279197361306
1.0789287271403643
.4287814986200805
.31354038515084803
.7442034927283251
1.820095188247064
4.399471086303428
12457935536133493e-22
.2596390635848775
1.479241901447709
.21708949728148358
5.12573071987592
.05824379241989208
3.9870302940349256
.04083159010657248
.17029400268487557
.7761710180874799
2.937595985640232
.7159931411137583
2.8225377739901987
2.332205470566091
3.8098072167904156
1.1739607303658774
.5109024566221365
1.0519114858353846
8.306840140230422
.16075732673695303
2.566163645857851
1.5546764060559952
1.6580142641259459
.44215489773726735
11.972623154492203
1.5291637917174596
4.5490426747056665
.3030327254611062
.15277410657541432
.15289163640946807
1.856334400423357
1.0572634065942006
.10577339405363595
1.8841327556301224
.4592071932538461
.08968602082633176
9.629642292862712
.5678435636039008
.5414591934834507
1.2594125897951345
1.744358178603238
2.199249182594572
3.173961251122728
6.1564715191057555
.6757018089857751
.26280646808456365
.17758061242385337
.09543659270616502
.19312258866478235
.08878765729596111
1.036384316363909
2.036179776154578
.2753480389803317
.7964414362263492
.08080883752679122
3.029287249758207
.3019221770636544
17068699750355124e-22
3.6255507523672827
.07320942645425546
.4947026969039862
3.9572126704607853
4.216098092988077
.7182866511930713
.5194086030164283
.7767674188484242
2.4401627350783555
.16955654854154104
.37766684902439884
.6670422536311891
6.878794807094305
.10337356388132883
13828521185361169e-22
1.1575931308803016
1.824311941632405
.16886299999975035
.9105323592973916
.16954557024369898
.06359112258351482
1.0878708561116308
3.195529995487869
.1017340145930882
2.4181667610297537
2.6682994158882964
3.4283441122830864
1.4181830639578434
3.2346162022175813
1.5665935752558466
1.408726445475987
1.8708492224103768
3.2581455510932895
1.014953999858916
.6121666368112186
.8715535545743336
2.0340036266487878
.17008040251673545
.33219744094433806
.06874208138681406
.2827702498235478
4.7273777441818154
.12706245522047802
1.023691919456692
3.813423913456198
.0784032977521781
1.403107909919252
.6287465319951099
1.115806134251994
1.2793724481586803
1.2659491701482457
.1256052294872087
.4676332731295969
.6927717878432951
2.6494536331573384
.17502980302161314
.47015528055762423
2.837050284503658
1.8872117125195242
3.860903177170485
1.834845426815407
.19660647109082954
19.57202471730237
.868468102652937
.9533130250748454
.6019180748590971
.16164670990273522
.27367084031845335
.55393106528432
.40424873483851187
2.0278906101600986
.002033676135283647
.5506010521567495
14618897684190779e-22
.6726406825139634
.4090894387772049
1.55814216403083
.17263743592060432
5.021180192325424
.07460526524478127
1.48461651367393
.7311733125657217
15.493004019616324
1.0156558257972028
2.4761337060677064
.2845766763772237
.023363806054590628
