1.7978306459397688
10924555816686089e-22
.19420101781726257
.1527513271103599
.4763354104354801
2.790172905272005
.20632462551725855
.21693236406211408
.06300336732863797
1.8037143445717503
.008866797725286438
.1040213963788051
.01733981508835607
.0008765743570196998
.2713024801905493
.01366546284338075
.005057473244760356
3.5415144911597696
1.4250215841431602
.05536572329559382
.18208597840533797
.4020956412250729
10741286911091082e-22
.07468524148712494
2.983171118946365
.04780424713918026
.29744168338560417
.00702748239524064
.3768524914765356
.9343004971504666
.46182218547349135
.2910600006993315
.055949965092184244
.2076275000807963
4.1521835159028075
15.973245031795564
.06824895170400608
.006754252339515709
.017267719237634874
.010847479014374255
.0011982496579441226
.01195859465272918
.0300366850361724
.052470539422078744
.003114293443177878
.03541128917589213
.026152889549827207
.1296880093323039
.026875954408386665
.002736138837913257
.792290704051137
.0070788960922663355
.0015180114857158197
.9852423636495518
.003607096872676264
.0005528605948698624
.10643155173386849
.006635800854736535
.0007569300107694172
.039770958810570196
.0008899966241198009
.0015982522311876256
.0011298348840468606
.10786245379437315
.0065739927102213755
6.363978802008149
.029021897455837296
.0020567326714901507
.5396490118002404
.01524545274142381
.018524541057664566
.09701882427791006
6612350488497031e-21
12081961628576805e-21
17318907560223878e-21
4214737284940395e-21
26669235012323766e-22
21208312175814883e-22
2718634356197327e-21
10158599299813469e-22
17343352983463734e-21
12904593825603835e-22
8937819454791132e-21
393100308191822e-20
10038759952052225e-21
18423786379269522e-22
23378935468750855e-21
16099721476800367e-22
914321143203545e-20
13260565556074198e-22
.09303996734426122
.06839410333595863
.05441960297977822
4.820390604698423
.44617008882199294
.15997541027456869
.649478823029811
.31684752418334977
.7640300797748727
1.7488014878608853
.1925877693591554
.08290005915473901
1.0454160126835041
.6780412775053843
.3113394551156992
.5010444535254769
.5779783409473178
8.233099014166571
.32836563342709324
28.39213654312693
.12393120688822412
7.447080989181146
.6864272545727481
3.583884862314821
19.92156889279331
1.2222294613753224
.012043791599234629
.48009039610279436
1.760539562210595
.6540641778018952
15033662187402313e-22
.1480971626089584
4.929847715339682
8.461775861008658
.07147924554133021
.2047070590101412
.34563474193739646
.431605415735367
.3824131460544751
.4286628171158076
.6737783414368343
.9394204128667564
.5821593918378194
2036007764455882e-21
.014402306173381809
4.3463374499247145
.11313767101799305
.5144533981303071
.14822934028408555
.6352225672295173
.17843431672032073
2.601068522883916
.1456194008652246
.8169120952683141
.05011968442538983
3.696597679947942
2.703141645436345
.21844048937923669
.8804019250872894
.8361465289505396
.09788873425168507
20.42834765200856
.03286606651493091
.20063007249838827
3.4902492583613833
.586324060655393
.021263574901219242
8.060816411273027
.06552291706221049
2.025192961338844
.19926403794078804
.2153781197477137
.13673422157054707
2.2902100202707323
.569935015363068
.14060225947835572
.057565150479293045
.5960268497263709
.7190187735379755
.015585974107911607
.5949266340177399
.08564748516250784
.627366681385201
.023965879141729547
2.948707618826936
1.25100853351648
.132441043652377
.002048513767040445
.44355707515003007
1.9012317123691704
.2221715620343287
.08084352433159354
.570224424940902
.38185332139809114
.03113723736197816
.09709360142106928
.0421873993755144
.11153992133278226
.4555442098728286
.7495869586260334
.1618232943226617
.4829978306298739
2435209481641438e-21
.3799608728936332
.26317746969550526
1.0077684115918553
.8835669485311264
.013703881201109153
2.3089329236737375
3.5844046219391847
.8517352397247906
.03268041700014189
.021411389201818537
.1538773629346443
.06445988703867668
.24515199885359307
4.1913138051119265
2.6620445670887714
.2704023567383503
.6172504040398734
1.6360110224661097
.8890060322878652
12262722366990066e-22
.10595306496387914
1.3770665026358067
.8619290176875745
3.4370485399977366
.10864944110661305
14288885737775228e-22
1.4262721663091433
3.8525658384648134
.07973834783228421
.9656192667930615
.2901849005658932
.08243712522576481
.026875048019786026
.364357214303604
.4396168694350292
.1716987422593318
.16436095298285486
.23895873799296213
4.071255146192601
3.678515327315207
.6736729321519623
.13636929278421658
4.223575571338619
18805830767649638e-22
.25439113384909257
.3910004012385453
1.7747847745142238
.8755363436132573
.9025815353300304
.13481685005990485
.550310119375592
.09143779543133676
2.839150987157055
.40689660379967474
.2697496655666827
.621776000245929
.14526353201330883
.2021402467088883
1.2456931466690748
2001256185807924e-21
.08629673522005926
.026854211072655898
.765861783353551
.2881248974635541
.05484885893285034
.3427906725569984
1.5262647661484898
.7936933904633089
.2441830549778471
.04921475782920632
9.72782794918441
.6833717745717276
.42356968494133895
.3145248765126945
.08223336239737457
.03943551747701127
.36789131812660464
.702225145358635
.010893025391365451
2.4854125645312797
.04179793713948784
1.3236790850514408
4.603186452154711
.2766616911826526
1403322018527034e-21
.044165227156585905
1.0110934347481437
.05021883897232751
.3616044045735891
.6395804596892639
6.299040583149033
.06051219739035431
2.7764689212422233
3.2963524410910456
1359200914865196e-21
.19748825190065258
3.510127469074536
.3093863494367589
.007465025267012407
.08245997025135045
.7664112875942036
.8960103274396722
6.158694492809268
.28469062062953054
.04266360985291806
1.1585305968604478
.3837061122948047
1.217853984413434
.04124219533267366
.005821279665812638
.2938570223373349
.35125126609066537
.2913372264186681
1.3976111301858216
6.220563528818128
.03695973343916603
.4592646200613859
.6024141051284925
14578350646648048e-22
.017056346451158444
.3893247600443544
.00243838678298864
.00726301352127999
.015679707520054115
.22432378655974408
2.440605506111795
.19975299169824712
2.51246602099636
.07007356353684335
.6826306044952118
1.065695721964669
.05108542829138366
6.454553273105384
1.5547873703313715
1.0390949145543626
1.4713717452658779
53154355863989314e-22
25532680015566625e-22
.33350607166534657
.2950047091656426
.712223125333133
.03016557636669498
.03840962080043133
.018120256120761475
.6462690099112021
.6115478093873695
.6381975594382457
.016371884063793925
.25766504914302013
.010001557234655463
.15112823353646498
.12792622476472204
12.546891369174233
.6080567897665772
2.596044396544842
.19462888638314918
.8508014467753127
.13806440700985217
.05398705106696591
.5036305055010557
.06429413684108364
.7186086118032425
48.101987841177184
.4846591171651976
1.6057704344458807
5.335492368325638
3.5334455794643675
.8536144182532863
1.3167870555409396
1.4690987549823062
.08318811287362961
.132077069620712
.23786277154545254
1.1593209746201931
.9278174172210623
.6754557415453675
1.3515105226886726
.0011977970329098565
.6396317785010939
.3664978928260977
.1279287789390101
.16710160477343278
.013508022042605126
1.1126671526957486
10.886559619086388
13073533534317349e-22
.4634809840086729
.10024930434013277
5784994329848755e-21
.13005030799348122
.030362734631857017
1.6212940834115166
.09921917577834653
3.3515992697023345
.006447281628330483
.253434460368892
10310756697709945e-22
.0513708421365731
.571272239436539
.02617630899766424
1.715594396021154
6.623916656395879
.16422556905361577
6.493937602562279
.17695128011749944
4.333912543013515
.012996558342950887
.11392931837183654
.1710794059288268
.8598953172924708
2.1843494612107714
.8904757319150564
.9794297259019433
.17897452510326772
2.483130219998351
.2603803910334086
1.7214554287517179
.05173658201128636
.17375386655561348
.1560068223614553
.44013169229362864
1.494745795121173
.3629116727191239
.2254265364287802
.04344634412709821
.07130302790295548
.40548976317746116
.5614362073712742
1.2354292531953788
.17394770906955387
3.9574003835241713
.125537887404863
.09166393633675911
.0945715614659126
.33868881685355273
.09090736016972831
9.764872428913751
.2533037902467576
.25017312180861284
.0324346832426132
6.083068371324064
.10907871620608398
2.447073119090812
.12451149881263301
35582716074540803e-22
.00667788831370399
.710385110966359
.40065992582724885
.4143491608580864
2.8272672152067266
.8077555210555439
.027199449334643994
.09488991778528166
.2708878262342892
1.7758998481316373
2553548139784764e-21
.8165356669681119
.26154353514385376
.08367187245141117
2.096071305105416
3.1084778530101973
.053554662100508285
1.126715298891632
.3972337716122688
2.6041762417459706
2.4698199706221455
.020429245948812475
2.7495430590668892
.4042186520623564
.08155601243794246
.04737929640560438
.4843604438384916
.032874949426918626
.508620564502263
1.814128027019706
1.4088210081096912
.21706261188796352
2.154263327292625
2.440621943458868
.010218881915632054
1.2728514528355135
.09438943386675168
.6538120822289187
7.4093363158177965
.22215447391652382
.2737231378509818
.2819537302728675
.015165643930608947
.02900694772169912
.6768830627810499
1052409865449325e-21
.21073452340314627
.4658848262813158
.11354183614250274
12856206265066319e-22
1.0629674696108122
13245696829056535e-22
.6891525047487358
.6517295545900552
.34931394345605943
.27732107383557836
1.1795517500564106
1.2142525169257716
14.575743672928201
.14459769733377928
.03698080117656717
.08953404339548793
1.064172047758479
.3106603690379096
.5256861328804601
2.185211715099468
.029950334665936842
3.2201295711744895
.3633623692653222
.0006466049885320302
.44828735429046185
2.1820757528328922
.32870395587032275
.30655643015385214
.13525572856209708
.2781632428590987
.3236780552580142
4.0666436176094525
.010275318752686252
1.01137954921271
.12830763224005012
.32929518108360056
.19908111260705247
3.8437327282098397
.8308467301366799
.04515608552038153
.012200094632533477
.15504283659678994
104464906993292e-20
.19521691428937255
1262782686394151e-21
.34830529823661993
.039223290618320444
.7983573990451076
.12388673991820068
.021563321477001667
.49651605284163636
.5035947591326998
.0665210228107192
.023512439414446584
1.6125403599158308
.3094593491777371
.39186428098166853
.753203678768462
.00508721917213739
1.1534203729167967
.6835870214533216
.20186577300556724
.036391550813137906
.22822555513201379
10860201890046537e-22
11.498267207039264
.15371181313562962
2.5468882131437214
.09110204683128141
.07817492558471527
.16430610165361312
.048278496903249576
29464436088809423e-22
.6269463028162758
.010982985299843245
.11793068588908222
.41887545940845244
.18832763119754153
.831446911445828
8.215556643688574
1.5979964451220177
.24092483962024974
.00364319619607083
.038427009597607635
.09928144460623473
8.06210956797288
.06064512293066422
13.74436108864434
.09711472578384611
11.617642178752073
.11643799559991727
.1803163690476046
.1379202943930559
.19013976800158264
.09371981713663839
2.74998759292263
.003668364489709418
.059523642408836556
.0482514165552585
.11490828110678815
.015335618250435864
.17511471869397596
.14073260246566519
.35892682575079954
.4902948989638096
1.18560710527115
2.638061034264984
.04284101572369913
.10440329045349826
.7419405335573551
.577430066819594
6.302696371590918
.03509829901056045
.24118015391140846
1.1395686294277085
.0030173638680525534
2.00023936630443
.5824745724122559
.8477884981395528
9.501855448664172
.13246745499531765
2.2655281751383196
.01847935914321927
7.549694877720231
.4404515009245573
.04610236907400622
.16672959283837768
.5217982498114133
.7420908487990989
.09052767047873579
.8932269443561801
5.869931414354307
.8676728926935166
10.023066745369956
19979382079446444e-22
6.300791849050322
.05120467223000528
.029562925505182715
1.746119995038262
.08868191192234189
.12182219145264714
2.7701943009336825
.16074951391362313
.18846846821278335
.4448669264497793
10019694405250224e-22
14422731103192217e-22
.07287552674643206
.006586226042898308
46577702364020126e-22
.3125113943614653
.296599766283308
.015851877999000126
1.6481044351762204
.0526057172334824
.2297612132242704
.048989993931123105
.17944440326093333
.26319935545752576
1.397947121865562
.5549093030727728
.8244061389999238
.5266722555487114
.6543237592228923
18791115921185008e-22
6.851132924293242
.11054490222695343
.240701962738665
.0018669060703530008
.060286507716282606
.4834382987291176
2.284407200228891
.0946300471691647
3.5644842843000206
.3518314068057179
23833613182309228e-22
.18398562529303755
6.844116475519291
6.6174848049882815
.06334554971898432
.08899388879304027
2.898631301933052
.9493027334448346
.1304460662508355
.2298795402065132
.06029479687058322
10121577629730828e-22
.11599375427708514
.789817960146006
.05875730391226866
.2581902082285171
6.1342083486695085
.29523261070547874
.2945442664493948
.37716684136555606
.7634401444389434
26.10480898065401
.5768049984261294
3.0252335608211163
.39262366509161906
.41764002326198096
2.5938769061936053
.1361680107549903
.40691849430520843
1.495357236745861
.11532823212368301
.11468996209672365
.5346473994288636
.5078153202716169
.9874101213019137
2.125284294279184
10.800476751896506
2401745971290629e-21
1.7375078974856049
.6429311235228145
.033257139105283176
.00868480451626469
.006776741621491645
13319951596285607e-22
.14441819814789816
.09914870011102764
3.9018709336216126
.10308526598349556
.9187999211965345
.12565086007748638
.8426916620762139
1.2020460091846616
.5499208053759512
.21994533458093465
.06321741322323146
.05378078038402791
1254218350195178e-21
.7478773927543831
.8152184307140139
.46560713569183065
7.422245639984839
1589111734723277e-21
.36452168256461703
.05063177453184926
2.1329685386948842
6.745993039362363
.6504125840454542
.07069131517325529
1.127919933286053
.20514768230408464
.1186287270981212
1.078362264581645
2.4111105064272365
.11896404757229469
7.666114042339586
1.010595723670656
.26185854328267344
2816417306395471e-21
.004759564794922862
1.5152661241349745
.6288849096065597
.04827551305351129
.13710621284292399
